State,Number of CoCs,Overall Homeless,Sheltered ES Homeless,Sheltered TH Homeless,Sheltered SH Homeless,Sheltered Total Homeless,Unsheltered Homeless,Overall Homeless Individuals,Sheltered ES Homeless Individuals,Sheltered TH Homeless Individuals,Sheltered SH Homeless Individuals,Sheltered Total Homeless Individuals,Unsheltered Homeless Individuals,Overall Homeless People in Families,Sheltered ES Homeless People in Families,Sheltered TH Homeless People in Families,Sheltered Total Homeless People in Families,Unsheltered Homeless People in Families,Overall Homeless Family Households,Sheltered ES Homeless Family Households,Sheltered TH Homeless Family Households,Sheltered Total Homeless Family Households,Unsheltered Homeless Family Households,Sheltered SH Chronically Homeless,Overall Chronically Homeless Individuals,Sheltered ES Chronically Homeless Individuals,Sheltered SH Chronically Homeless Individuals,Sheltered Total Chronically Homeless Individuals,Unsheltered Chronically Homeless Individuals,Overall Homeless Veterans,Sheltered Total Homeless Veterans,Unsheltered Homeless Veterans,Year
AK,2,1863,1013,658,0,1671,192,1118,641,312,0,953,165,745,372,346,718,27,244,113,123,236,8,0,164,119,0,119,45,300,270,30,2010
AL,8,6046,1428,2463,0,3891,2155,4553,997,1860,0,2857,1696,1493,431,603,1034,459,551,155,234,389,162,0,1043,502,0,502,541,1089,911,178,2010
AR,5,2762,668,1060,0,1728,1034,2120,542,770,0,1312,808,642,126,290,416,226,222,52,85,137,85,0,395,145,0,145,250,362,247,115,2010
AZ,3,13711,3503,3671,40,7214,6497,9226,2018,1308,40,3366,5860,4485,1485,2363,3848,637,1372,452,740,1192,180,25,1935,519,25,544,1391,2230,1052,1178,2010
CA,43,123480,23701,27115,83,50899,72581,96940,16992,15227,83,32302,64638,26540,6709,11888,18597,7943,8810,2234,3980,6214,2596,67,31235,6897,67,6964,24271,17604,6600,11004,2010
CO,3,15482,4895,4136,0,9031,6451,7574,3083,1493,0,4576,2998,7908,1812,2643,4455,3453,2234,541,812,1353,881,0,1432,510,0,510,922,1316,853,463,2010
CT,10,4316,2314,1503,0,3817,499,2993,1635,876,0,2511,482,1323,679,627,1306,17,447,225,215,440,7,0,777,595,0,595,182,483,423,60,2010
DE,1,982,481,439,10,930,52,681,358,261,10,629,52,301,123,178,301,0,111,50,61,111,0,7,97,64,7,71,26,74,69,5,2010
FL,28,57551,10242,11478,97,21817,35734,35738,6074,7060,97,13231,22507,21813,4168,4418,8586,13227,8017,1487,1387,2874,5143,85,9232,3615,85,3700,5532,7794,2818,4976,2010
GA,7,19836,4303,4443,0,8746,11090,14377,3146,2466,0,5612,8765,5459,1157,1977,3134,2325,1812,381,712,1093,719,0,3635,1495,0,1495,2140,2766,1372,1394,2010
HI,2,5834,994,2516,25,3535,2299,2889,462,457,25,944,1945,2945,532,2059,2591,354,764,151,524,675,89,19,801,77,19,96,705,419,176,243,2010
IA,3,3014,1062,1841,0,2903,111,1528,690,736,0,1426,102,1486,372,1105,1477,9,481,123,354,477,4,0,249,182,0,182,67,221,207,14,2010
ID,2,2346,796,768,0,1564,782,1445,532,299,0,831,614,901,264,469,733,168,287,88,154,242,45,0,111,37,0,37,74,239,128,111,2010
IL,21,14395,4981,7172,55,12208,2187,7568,3514,2198,55,5767,1801,6827,1467,4974,6441,386,2229,511,1585,2096,133,37,2130,1398,37,1435,695,1133,886,247,2010
IN,3,6452,2707,2526,0,5233,1219,3588,1518,1218,0,2736,852,2864,1189,1308,2497,367,913,385,420,805,108,0,775,478,0,478,297,767,633,134,2010
KS,5,2024,1179,649,0,1828,196,1318,803,363,0,1166,152,706,376,286,662,44,212,117,81,198,14,0,191,149,0,149,42,711,660,51,2010
KY,3,6623,2740,2847,12,5599,1024,4125,1878,1371,12,3261,864,2498,862,1476,2338,160,805,268,488,756,49,4,695,400,4,404,291,619,534,85,2010
LA,9,12482,1617,2479,0,4096,8386,10101,1016,1374,0,2390,7711,2381,601,1105,1706,675,763,187,367,554,209,0,4815,226,0,226,4589,2015,502,1513,2010
MA,20,16646,11451,4109,35,15595,1051,6403,3153,2295,35,5483,920,10243,8298,1814,10112,131,3526,2763,716,3479,47,17,2007,1485,17,1502,505,1597,1449,148,2010
MD,16,10845,3511,2947,57,6515,4330,5999,2171,1674,57,3902,2097,4846,1340,1273,2613,2233,1603,445,419,864,739,15,2179,1216,15,1231,948,910,646,264,2010
ME,3,2379,854,1497,0,2351,28,1061,548,485,0,1033,28,1318,306,1012,1318,0,447,105,342,447,0,0,226,221,0,221,5,108,105,3,2010
MI,21,13058,5186,5001,32,10219,2839,7365,3334,2005,32,5371,1994,5693,1852,2996,4848,845,1880,632,970,1602,278,26,1824,1283,26,1309,515,964,785,179,2010
MN,11,7869,3360,3360,10,6730,1139,3605,2000,924,10,2934,671,4264,1360,2436,3796,468,1409,441,803,1244,165,10,1490,1139,10,1149,341,644,553,91,2010
MO,8,8122,3363,2930,43,6336,1786,4427,1909,1338,43,3290,1137,3695,1454,1592,3046,649,1196,472,522,994,202,33,1287,944,33,977,310,759,629,130,2010
MS,3,2743,578,603,0,1181,1562,1924,302,359,0,661,1263,819,276,244,520,299,264,83,78,161,103,0,357,130,0,130,227,339,215,124,2010
MT,1,1615,674,494,0,1168,447,890,370,192,0,562,328,725,304,302,606,119,238,98,103,201,37,0,145,96,0,96,49,262,156,106,2010
NC,12,12191,4979,4194,0,9173,3018,8361,3530,2362,0,5892,2469,3830,1449,1832,3281,549,1293,497,611,1108,185,0,1479,1077,0,1077,402,1084,907,177,2010
ND,1,799,461,307,0,768,31,539,306,207,0,513,26,260,155,100,255,5,82,47,33,80,2,0,64,61,0,61,3,119,114,5,2010
NE,7,3877,1765,1590,0,3355,522,2423,1258,760,0,2018,405,1454,507,830,1337,117,482,174,271,445,37,0,535,416,0,416,119,305,243,62,2010
NH,3,1574,729,600,8,1337,237,943,479,253,8,740,203,631,250,347,597,34,236,82,141,223,13,3,326,277,3,280,46,173,143,30,2010
NJ,20,13737,7878,4205,0,12083,1654,6520,3989,1282,0,5271,1249,7217,3889,2923,6812,405,2572,1407,1004,2411,161,0,877,617,0,617,260,567,488,79,2010
NM,2,3475,985,1123,0,2108,1367,2343,637,465,0,1102,1241,1132,348,658,1006,126,304,68,184,252,52,0,779,341,0,341,438,441,259,182,2010
NV,3,11205,1381,6467,0,7848,3357,9565,1129,5104,0,6233,3332,1640,252,1363,1615,25,435,86,339,425,10,0,1415,253,0,253,1162,1843,1230,613,2010
NY,32,65606,50469,10856,142,61467,4139,26293,15205,6945,142,22292,4001,39313,35264,3911,39175,138,12332,10977,1306,12283,49,124,4259,1781,124,1905,2354,5857,5046,811,2010
OH,9,12569,6190,4452,87,10729,1840,7719,4119,2089,87,6295,1424,4850,2071,2363,4434,416,1595,643,810,1453,142,57,2240,1619,57,1676,564,1527,1293,234,2010
OK,8,5229,2350,920,45,3315,1914,3317,1712,482,45,2239,1078,1912,638,438,1076,836,665,229,131,360,305,19,620,376,19,395,225,474,350,124,2010
OR,8,19492,2446,4746,39,7231,12261,10731,1796,1819,39,3654,7077,8761,650,2927,3577,5184,2811,221,943,1164,1647,37,2601,646,37,683,1918,1285,573,712,2010
PA,17,14516,6878,6381,159,13418,1098,7191,4095,1871,159,6125,1066,7325,2783,4510,7293,32,2393,933,1447,2380,13,150,1524,718,150,868,656,1441,1274,167,2010
RI,1,1282,761,428,17,1206,76,704,442,173,17,632,72,578,319,255,574,4,216,105,110,215,1,17,86,43,17,60,26,91,87,4,2010
SC,4,4473,1577,1459,0,3036,1437,3194,1118,827,0,1945,1249,1279,459,632,1091,188,474,183,220,403,71,0,674,392,0,392,282,687,497,190,2010
SD,1,731,371,296,0,667,64,445,218,163,0,381,64,286,153,133,286,0,87,42,45,87,0,0,109,45,0,45,64,135,118,17,2010
TN,10,10276,4372,2605,22,6999,3277,7623,3337,1701,22,5060,2563,2653,1035,904,1939,714,956,367,298,665,291,22,2495,1474,22,1496,999,1679,1075,604,2010
TX,17,35121,10577,8497,117,19191,15930,24078,7028,4104,117,11249,12829,11043,3549,4393,7942,3101,3987,1206,1590,2796,1191,60,6512,2517,60,2577,3935,5133,2688,2445,2010
UT,3,3284,1448,1225,49,2722,562,1926,962,382,49,1393,533,1358,486,843,1329,29,404,149,246,395,9,37,406,88,37,125,281,342,301,41,2010
VA,22,9080,4510,2875,54,7439,1641,5338,3022,890,54,3966,1372,3742,1488,1985,3473,269,1181,481,608,1089,92,32,1510,951,32,983,527,995,830,165,2010
VT,2,1220,611,461,6,1078,142,797,333,333,6,672,125,423,278,128,406,17,167,105,57,162,5,1,133,84,1,85,48,117,104,13,2010
WA,7,22878,6043,10391,55,16489,6389,11901,3883,2767,55,6705,5196,10977,2160,7624,9784,1193,3388,661,2362,3023,365,55,2106,1226,55,1281,825,2043,1282,761,2010
WI,4,6333,2680,2560,13,5253,1080,3040,1542,1043,13,2598,442,3293,1138,1517,2655,638,1080,372,484,856,224,13,727,595,13,608,119,609,581,28,2010
WV,4,2264,908,606,10,1524,740,1527,626,412,10,1048,479,737,282,194,476,261,245,109,60,169,76,7,516,351,7,358,158,576,393,183,2010
WY,1,579,264,251,0,515,64,327,220,49,0,269,58,252,44,202,246,6,90,15,73,88,2,0,101,52,0,52,49,85,71,14,2010
Total,444,637077,222455,179743,1345,403543,233534,395140,123729,87144,1345,212218,182922,241937,98726,92599,191325,50612,79442,32083,30222,62305,17137,1002,106062,42327,1002,43329,62733,74087,43437,30650,2010
AK,2,2128,1035,725,0,1760,368,1286,703,339,0,1042,244,842,332,386,718,124,277,124,116,240,37,0,226,169,0,169,57,288,236,52,2011
AL,8,5558,1615,2100,34,3749,1809,4325,1219,1529,34,2782,1543,1233,396,571,967,266,434,134,194,328,106,34,1046,362,34,396,650,659,387,272,2011
AR,7,3424,1018,784,0,1802,1622,2505,762,558,0,1320,1185,919,256,226,482,437,349,104,83,187,162,0,500,267,0,267,233,411,268,143,2011
AZ,3,10504,3571,3691,40,7302,3202,6403,2245,1399,40,3684,2719,4101,1326,2292,3618,483,1239,406,713,1119,120,40,1939,698,40,738,1201,1528,1018,510,2011
CA,42,125128,26282,24220,189,50691,74437,97964,15920,12919,189,29028,68936,27164,10362,11301,21663,5501,9021,3543,3750,7293,1728,99,30807,5727,99,5826,24981,16783,6689,10094,2011
CO,3,15116,2979,3142,25,6146,8970,4546,1802,824,25,2651,1895,10570,1177,2318,3495,7075,2935,423,731,1154,1781,25,1288,351,25,376,912,2074,1381,693,2011
CT,7,4456,2358,1403,0,3761,695,3071,1622,795,0,2417,654,1385,736,608,1344,41,482,259,206,465,17,0,1043,713,0,713,330,443,396,47,2011
DE,1,1035,549,454,10,1013,22,663,375,256,10,641,22,372,174,198,372,0,116,54,62,116,0,6,70,53,6,59,11,55,53,2,2011
FL,28,56687,9641,11032,151,20824,35863,37584,6849,6934,151,13934,23650,19103,2792,4098,6890,12213,6483,1001,1324,2325,4158,140,10263,3055,140,3195,7068,5644,2276,3368,2011
GA,7,20975,4483,4240,0,8723,12252,15975,3301,2087,0,5388,10587,5000,1182,2153,3335,1665,1661,410,722,1132,529,0,3879,1841,0,1841,2038,2243,1025,1218,2011
HI,2,6188,1076,2531,25,3632,2556,3195,527,525,25,1077,2118,2993,549,2006,2555,438,775,150,500,650,125,19,904,92,19,111,793,505,210,295,2011
IA,3,3134,1179,1834,0,3013,121,1628,765,753,0,1518,110,1506,414,1081,1495,11,472,130,337,467,5,0,315,248,0,248,67,267,255,12,2011
ID,2,2199,797,788,0,1585,614,1310,548,293,0,841,469,889,249,495,744,145,297,92,164,256,41,0,236,129,0,129,107,250,169,81,2011
IL,20,14009,4957,6040,92,11089,2920,8173,3591,2009,92,5692,2481,5836,1366,4031,5397,439,1957,461,1343,1804,153,78,2400,1315,78,1393,1007,1081,765,316,2011
IN,3,6196,2734,2795,21,5550,646,3789,1776,1459,21,3256,533,2407,958,1336,2294,113,758,310,409,719,39,0,602,425,0,425,177,714,638,76,2011
KS,5,2511,1348,860,14,2222,289,1425,756,430,14,1200,225,1086,592,430,1022,64,328,180,129,309,19,7,280,198,7,205,75,384,342,42,2011
KY,3,6034,2496,2675,12,5183,851,3842,1795,1363,12,3170,672,2192,701,1312,2013,179,731,223,455,678,53,5,659,503,5,508,151,636,579,57,2011
LA,9,9291,1223,2133,49,3405,5886,7941,947,1201,49,2197,5744,1350,276,932,1208,142,469,91,333,424,45,11,4352,147,11,158,4194,950,443,507,2011
MA,20,16664,11589,4333,39,15961,703,6344,3102,2531,39,5672,672,10320,8487,1802,10289,31,3531,2803,718,3521,10,22,1666,1297,22,1319,347,1268,1210,58,2011
MD,16,10208,3606,2831,59,6496,3712,6353,2429,1469,59,3957,2396,3855,1177,1362,2539,1316,1338,389,440,829,509,36,1627,767,36,803,824,696,577,119,2011
ME,3,2447,904,1499,15,2418,29,1184,611,531,15,1157,27,1263,293,968,1261,2,427,101,325,426,1,15,212,187,15,202,10,127,121,6,2011
MI,21,13185,5412,5416,36,10864,2321,7634,3492,2193,36,5721,1913,5551,1920,3223,5143,408,1825,647,1042,1689,136,23,1611,1119,23,1142,469,959,755,204,2011
MN,10,7495,3504,3049,14,6567,928,3410,1783,921,14,2718,692,4085,1721,2128,3849,236,1265,473,716,1189,76,14,1211,941,14,955,256,449,371,78,2011
MO,8,8989,3523,3147,48,6718,2271,4657,1830,1385,48,3263,1394,4332,1693,1762,3455,877,1330,546,513,1059,271,45,1156,747,45,792,364,852,627,225,2011
MS,3,2306,429,625,2,1056,1250,1825,273,459,2,734,1091,481,156,166,322,159,141,46,47,93,48,1,438,125,1,126,312,205,114,91,2011
MT,1,1768,708,508,0,1216,552,1094,387,249,0,636,458,674,321,259,580,94,222,99,93,192,30,0,203,76,0,76,127,251,135,116,2011
NC,12,12896,5175,4070,0,9245,3651,8303,3659,2376,0,6035,2268,4593,1516,1694,3210,1383,1460,500,558,1058,402,0,1365,845,0,845,520,1248,941,307,2011
ND,1,603,415,145,0,560,43,396,283,83,0,366,30,207,132,62,194,13,60,33,22,55,5,0,67,63,0,63,4,124,121,3,2011
NE,3,3548,1623,1418,0,3041,507,2210,1166,706,0,1872,338,1338,457,712,1169,169,433,163,213,376,57,0,445,361,0,361,84,310,253,57,2011
NH,3,1469,582,569,8,1159,310,820,419,204,8,631,189,649,163,365,528,121,243,71,132,203,40,5,166,88,5,93,73,126,118,8,2011
NJ,19,14137,8110,4700,20,12830,1307,6841,4407,1533,20,5960,881,7296,3703,3167,6870,426,2556,1322,1096,2418,138,0,750,610,0,610,140,811,668,143,2011
NM,2,3601,1693,1060,0,2753,848,2246,1238,343,0,1581,665,1355,455,717,1172,183,430,145,226,371,59,0,971,564,0,564,407,364,221,143,2011
NV,3,9150,1436,3084,25,4545,4605,7973,1140,2238,25,3403,4570,1177,296,846,1142,35,381,94,274,368,13,3,1342,184,3,187,1155,1240,692,548,2011
NY,32,63445,49471,10179,128,59778,3667,27338,17222,6492,128,23842,3496,36107,32249,3687,35936,171,11988,10698,1234,11932,56,126,3840,1629,126,1755,2085,5765,5246,519,2011
OH,9,13030,5997,5134,93,11224,1806,7812,4049,2187,93,6329,1483,5218,1948,2947,4895,323,1683,638,944,1582,101,75,1881,1213,75,1288,593,1279,1083,196,2011
OK,8,4625,2062,867,59,2988,1637,3236,1554,457,59,2070,1166,1389,508,410,918,471,469,176,135,311,158,19,568,288,19,307,261,356,301,55,2011
OR,7,17254,2555,4418,39,7012,10242,9445,1577,1633,39,3249,6196,7809,978,2785,3763,4046,2623,327,915,1242,1381,39,3017,665,39,704,2313,1474,655,819,2011
PA,18,15096,7387,6484,165,14036,1060,7867,4504,2203,165,6872,995,7229,2883,4281,7164,65,2396,950,1423,2373,23,144,1508,794,144,938,570,1392,1262,130,2011
RI,1,1070,680,338,21,1039,31,652,485,115,21,621,31,418,195,223,418,0,137,62,75,137,0,14,176,157,14,171,5,123,121,2,2011
SC,4,5093,1554,1388,12,2954,2139,3505,1210,745,12,1967,1538,1588,344,643,987,601,527,125,222,347,180,12,504,217,12,229,275,612,389,223,2011
SD,1,826,371,391,0,762,64,460,218,195,0,413,47,366,153,196,349,17,123,52,67,119,4,0,34,21,0,21,13,109,99,10,2011
TN,10,9113,3007,2888,20,5915,3198,6475,2322,1896,20,4238,2237,2638,685,992,1677,961,910,216,323,539,371,18,1661,810,18,828,833,965,732,233,2011
TX,16,36911,10027,8788,157,18972,17939,23577,6226,4024,157,10407,13170,13334,3801,4764,8565,4769,4357,1418,1488,2906,1451,61,7390,2634,61,2695,4695,4891,2365,2526,2011
UT,3,3130,1506,1133,48,2687,443,1842,948,438,48,1434,408,1288,558,695,1253,35,389,166,215,381,8,48,364,217,48,265,99,345,310,35,2011
VA,20,8816,4395,2928,63,7386,1430,5231,2926,1028,63,4017,1214,3585,1469,1900,3369,216,1145,477,607,1084,61,43,1571,930,43,973,598,931,768,163,2011
VT,2,1144,579,438,4,1021,123,637,340,189,4,533,104,507,239,249,488,19,156,75,75,150,6,0,94,67,0,67,27,81,75,6,2011
WA,7,20439,6047,8976,52,15075,5364,10868,3934,2232,52,6218,4650,9571,2113,6744,8857,714,3040,658,2182,2840,200,52,2136,1159,52,1211,925,1478,1167,311,2011
WI,4,5785,2644,2650,61,5355,430,2838,1520,923,61,2504,334,2947,1124,1727,2851,96,994,358,607,965,29,20,410,327,20,347,63,607,584,23,2011
WV,4,2211,923,471,11,1405,806,1662,696,285,11,992,670,549,227,186,413,136,207,85,71,156,51,5,287,174,5,179,108,302,236,66,2011
WY,1,1038,127,68,0,195,843,320,79,48,0,127,193,718,48,20,68,650,223,22,7,29,194,0,82,27,0,27,55,83,39,44,2011
Total,432,623788,221457,168961,1898,392316,231472,387613,124432,79504,1898,205834,181779,236175,97025,89457,186482,49693,77184,32415,29221,61636,15548,1335,103522,37636,1335,38971,64551,65455,40033,25422,2011
AK,2,1913,1139,577,0,1716,197,1298,849,308,0,1157,141,615,290,269,559,56,216,92,102,194,22,0,273,257,0,257,16,256,227,29,2012
AL,8,5209,1663,1969,32,3664,1545,3825,1158,1383,32,2573,1252,1384,505,586,1091,293,497,182,201,383,114,32,910,299,32,331,579,526,377,149,2012
AR,6,4214,886,716,0,1602,2612,3428,707,484,0,1191,2237,786,179,232,411,375,266,65,69,134,132,0,361,142,0,142,219,362,205,157,2012
AZ,3,11302,4291,3884,40,8215,3087,6310,2507,1239,40,3786,2524,4992,1784,2645,4429,563,1465,569,758,1327,138,34,1605,355,34,389,1216,1478,1007,471,2012
CA,42,120098,22200,23530,160,45890,74208,94888,14608,11726,160,26494,68394,25210,7592,11804,19396,5814,8076,2410,3780,6190,1886,121,30189,4791,121,4912,25277,14611,4512,10099,2012
CO,3,16768,3502,3733,25,7260,9508,5101,1892,930,25,2847,2254,11667,1610,2803,4413,7254,3104,457,825,1282,1822,25,1612,468,25,493,1119,1512,800,712,2012
CT,7,4209,2271,1243,0,3514,695,2906,1577,675,0,2252,654,1303,694,568,1262,41,449,239,193,432,17,0,924,594,0,594,330,332,285,47,2012
DE,1,1008,527,449,10,986,22,611,364,215,10,589,22,397,163,234,397,0,128,49,79,128,0,7,84,66,7,73,11,66,64,2,2012
FL,28,55170,9388,10289,155,19832,35338,36771,6435,6211,155,12801,23970,18399,2953,4078,7031,11368,6333,977,1361,2338,3995,129,8682,2003,129,2132,6550,5331,2201,3130,2012
GA,7,20516,4291,4007,22,8320,12196,15363,2978,1816,22,4816,10547,5153,1313,2191,3504,1649,1779,498,757,1255,524,6,3016,1024,6,1030,1986,2297,1094,1203,2012
HI,2,6246,1141,2560,25,3726,2520,3130,513,537,25,1075,2055,3116,628,2023,2651,465,792,183,498,681,111,17,910,111,17,128,782,507,230,277,2012
IA,3,2928,1164,1616,0,2780,148,1446,756,546,0,1302,144,1482,408,1070,1478,4,466,132,333,465,1,0,270,181,0,181,89,217,205,12,2012
ID,2,1968,770,712,0,1482,486,1175,517,270,0,787,388,793,253,442,695,98,246,74,142,216,30,0,200,90,0,90,110,260,184,76,2012
IL,20,14144,4828,6229,92,11149,2995,8269,3617,2099,92,5808,2461,5875,1211,4130,5341,534,1905,413,1323,1736,169,64,2079,1022,64,1086,993,1147,813,334,2012
IN,3,6259,2934,2411,25,5370,889,3316,1555,1081,25,2661,655,2943,1379,1330,2709,234,955,421,443,864,91,25,461,260,25,285,176,687,547,140,2012
KS,5,2684,1317,1016,17,2350,334,1526,875,373,17,1265,261,1158,442,643,1085,73,346,137,188,325,21,13,307,205,13,218,89,373,329,44,2012
KY,3,5230,2132,2177,10,4319,911,3282,1555,990,10,2555,727,1948,577,1187,1764,184,667,203,410,613,54,1,497,346,1,347,150,440,369,71,2012
LA,9,7772,1375,2397,35,3807,3965,6322,1132,1271,35,2438,3884,1450,243,1126,1369,81,474,83,360,443,31,17,2743,263,17,280,2463,899,450,449,2012
MA,19,17501,12652,4074,53,16779,722,6289,3119,2405,53,5577,712,11212,9533,1669,11202,10,3887,3267,616,3883,4,21,1500,1147,21,1168,332,1181,1126,55,2012
MD,16,9454,3399,2451,92,5942,3512,5727,2117,1236,92,3445,2282,3727,1282,1215,2497,1230,1300,424,388,812,488,41,1259,448,41,489,770,617,513,104,2012
ME,2,2393,975,1373,12,2360,33,1287,688,554,12,1254,33,1106,287,819,1106,0,376,99,277,376,0,11,222,209,11,220,2,116,116,0,2012
MI,21,12592,5221,5015,34,10270,2322,7397,3405,2048,34,5487,1910,5195,1816,2967,4783,412,1703,628,937,1565,138,13,1174,677,13,690,484,1017,835,182,2012
MN,10,7744,3684,3060,10,6754,990,3540,1878,905,10,2793,747,4204,1806,2155,3961,243,1311,536,704,1240,71,10,1004,690,10,700,304,309,243,66,2012
MO,8,10237,4683,3157,53,7893,2344,4855,1896,1582,53,3531,1324,5382,2787,1575,4362,1020,1745,956,505,1461,284,48,906,561,48,609,297,899,714,185,2012
MS,3,2413,486,556,0,1042,1371,1794,374,252,0,626,1168,619,112,304,416,203,221,38,120,158,63,0,450,55,0,55,395,244,71,173,2012
MT,1,1833,716,437,0,1153,680,1166,443,210,0,653,513,667,273,227,500,167,192,89,80,169,23,0,304,161,0,161,143,323,147,176,2012
NC,12,13524,4641,4155,13,8809,4715,8480,3486,1962,13,5461,3019,5044,1155,2193,3348,1696,1633,388,696,1084,549,0,1465,641,0,641,824,1413,1091,322,2012
ND,1,688,474,161,0,635,53,485,344,101,0,445,40,203,130,60,190,13,70,42,22,64,6,0,81,75,0,75,6,160,144,16,2012
NE,3,3789,1581,1376,0,2957,832,2215,1183,678,0,1861,354,1574,398,698,1096,478,514,133,230,363,151,0,396,288,0,288,108,249,213,36,2012
NH,3,1496,769,555,5,1329,167,832,478,200,5,683,149,664,291,355,646,18,240,98,135,233,7,5,237,146,5,151,86,127,116,11,2012
NJ,19,13025,8130,3280,19,11429,1596,6603,4240,1128,19,5387,1216,6422,3890,2152,6042,380,2247,1388,735,2123,124,0,881,609,0,609,272,592,465,127,2012
NM,2,3245,1380,1017,0,2397,848,2136,1059,412,0,1471,665,1109,321,605,926,183,348,95,194,289,59,0,973,566,0,566,407,345,202,143,2012
NV,3,8497,2503,1442,25,3970,4527,7493,1946,1028,25,2999,4494,1004,557,414,971,33,341,176,152,328,13,16,1603,464,16,480,1123,1229,691,538,2012
NY,31,69566,53018,12302,162,65482,4084,30133,18481,7454,162,26097,4036,39433,34537,4848,39385,48,12170,10472,1682,12154,16,160,4324,1742,160,1902,2422,4961,4370,591,2012
OH,9,13977,6277,5874,95,12246,1731,7855,4038,2299,95,6432,1423,6122,2239,3575,5814,308,1943,705,1139,1844,99,73,1788,1123,73,1196,592,1244,1034,210,2012
OK,8,5032,2098,887,58,3043,1989,3454,1491,524,58,2073,1381,1578,607,363,970,608,519,216,119,335,184,23,481,214,23,237,244,404,299,105,2012
OR,7,15828,2600,3926,19,6545,9283,9788,1794,1679,19,3492,6296,6040,806,2247,3053,2987,2110,273,873,1146,964,15,2782,639,15,654,2128,1356,558,798,2012
PA,18,14736,6946,6512,202,13660,1076,7295,3950,2164,202,6316,979,7441,2996,4348,7344,97,2476,997,1444,2441,35,183,1564,788,183,971,593,1456,1321,135,2012
RI,1,1277,805,426,18,1249,28,788,578,164,18,760,28,489,227,262,489,0,182,91,91,182,0,14,148,134,14,148,0,96,96,0,2012
SC,4,4915,1460,1304,12,2776,2139,3327,1114,663,12,1789,1538,1588,346,641,987,601,551,137,234,371,180,12,388,101,12,113,275,543,320,223,2012
SD,1,859,514,281,0,795,64,512,310,155,0,465,47,347,204,126,330,17,119,71,44,115,4,0,113,100,0,100,13,124,114,10,2012
TN,10,9426,2863,2895,20,5778,3648,6905,2204,1943,20,4167,2738,2521,659,952,1611,910,833,223,310,533,300,18,2114,1035,18,1053,1061,1285,973,312,2012
TX,14,34052,10055,7302,144,17501,16551,20743,5749,3137,144,9030,11713,13309,4306,4165,8471,4838,4511,1531,1359,2890,1621,124,6115,1736,124,1860,4255,4364,1884,2480,2012
UT,3,3527,1725,1280,47,3052,475,2049,1091,503,47,1641,408,1478,634,777,1411,67,445,193,233,426,19,46,331,194,46,240,91,330,297,33,2012
VA,19,8424,4170,2774,51,6995,1429,5084,2811,937,51,3799,1285,3340,1359,1837,3196,144,1094,444,602,1046,48,31,1531,938,31,969,562,881,727,154,2012
VT,2,1160,562,369,6,937,223,653,278,199,6,483,170,507,284,170,454,53,172,89,64,153,19,6,190,122,6,128,62,109,93,16,2012
WA,7,20504,6053,8919,55,15027,5477,11273,4163,2226,55,6444,4829,9231,1890,6693,8583,648,2871,587,2089,2676,195,40,2041,1098,40,1138,903,1475,1097,378,2012
WI,4,6027,2868,2517,61,5446,581,3033,1681,877,61,2619,414,2994,1187,1640,2827,167,961,357,545,902,59,22,377,248,22,270,107,539,525,14,2012
WV,4,2410,1014,505,14,1533,877,1742,727,292,14,1033,709,668,287,213,500,168,243,97,68,165,78,9,346,163,9,172,174,268,219,49,2012
WY,1,1813,231,244,0,475,1338,1302,172,120,0,292,1010,511,59,124,183,328,171,25,32,57,114,0,375,97,0,97,278,311,128,183,2012
Total,425,621553,224599,163565,1991,390155,231398,382156,123381,73787,1991,199159,182997,239397,101218,89778,190996,48401,77155,32605,29191,61796,15359,1468,96268,31179,1468,32647,63621,60579,35143,25436,2012
AK,2,1946,1137,604,0,1741,205,1362,835,373,0,1208,154,584,302,231,533,51,196,105,77,182,14,0,166,124,0,124,42,210,188,22,2013
AL,8,4689,1555,1660,31,3246,1443,3387,1051,1130,31,2212,1175,1302,504,530,1034,268,495,206,169,375,120,30,768,219,30,249,519,511,363,148,2013
AR,6,3812,1037,627,0,1664,2148,3174,651,526,0,1177,1997,638,386,101,487,151,218,125,37,162,56,0,565,142,0,142,423,462,326,136,2013
AZ,3,10562,3893,3500,38,7431,3131,6510,2458,1166,38,3662,2848,4052,1435,2334,3769,283,1291,426,784,1210,81,38,1064,412,38,450,614,1222,901,321,2013
CA,40,118552,21928,23432,194,45554,72998,93458,14520,11712,194,26426,67032,25094,7408,11720,19128,5966,8267,2395,3863,6258,2009,79,29248,4098,79,4177,25071,12895,4886,8009,2013
CO,3,9754,4025,3543,23,7591,2163,4664,2335,717,23,3075,1589,5090,1690,2826,4516,574,1444,440,844,1284,160,23,1354,642,23,665,689,685,452,233,2013
CT,6,4448,2390,1139,0,3529,919,3101,1632,643,0,2275,826,1347,758,496,1254,93,475,263,175,438,37,0,872,542,0,542,330,341,267,74,2013
DE,1,946,516,410,10,936,10,575,353,202,10,565,10,371,163,208,371,0,119,53,66,119,0,7,65,55,7,62,3,89,86,3,2013
FL,28,47862,8755,10729,186,19670,28192,31359,5853,6291,186,12330,19029,16503,2902,4438,7340,9163,5806,959,1461,2420,3386,153,7778,1455,153,1608,6170,5505,2328,3177,2013
GA,9,16971,4824,3686,0,8510,8461,12880,3381,1869,0,5250,7630,4091,1443,1817,3260,831,1257,491,499,990,267,0,2713,842,0,842,1871,1805,900,905,2013
HI,2,6335,1226,2494,25,3745,2590,3355,596,521,25,1142,2213,2980,630,1973,2603,377,736,173,470,643,93,21,1031,191,21,212,819,558,234,324,2013
IA,3,3084,1203,1747,0,2950,134,1524,782,610,0,1392,132,1560,421,1137,1558,2,495,140,354,494,1,0,277,208,0,208,69,229,220,9,2013
ID,2,1781,745,659,0,1404,377,1084,490,285,0,775,309,697,255,374,629,68,211,73,119,192,19,0,193,105,0,105,88,208,162,46,2013
IL,20,13425,5160,5980,89,11229,2196,7958,3934,2081,89,6104,1854,5467,1226,3899,5125,342,1730,405,1224,1629,101,41,1403,849,41,890,513,1267,882,385,2013
IN,3,6096,3087,2285,24,5396,700,3751,2021,1122,24,3167,584,2345,1066,1163,2229,116,739,328,377,705,34,24,511,319,24,343,168,743,666,77,2013
KS,5,2693,1329,1044,9,2382,311,1480,787,442,9,1238,242,1213,542,602,1144,69,387,169,196,365,22,5,304,199,5,204,100,414,384,30,2013
KY,3,5245,2439,2042,10,4491,754,3302,1661,1062,10,2733,569,1943,778,980,1758,185,672,255,359,614,58,2,394,217,2,219,175,607,510,97,2013
LA,9,5226,1389,2228,34,3651,1575,3908,1098,1269,34,2401,1507,1318,291,959,1250,68,415,96,297,393,22,9,1015,218,9,227,788,575,383,192,2013
MA,18,19029,13962,4158,59,18179,850,6694,3362,2462,59,5883,811,12335,10600,1696,12296,39,4327,3653,661,4314,13,18,1577,1162,18,1180,397,1253,1204,49,2013
MD,16,8205,3713,2471,99,6283,1922,5221,2338,1280,99,3717,1504,2984,1375,1191,2566,418,997,467,405,872,125,69,1249,656,69,725,524,673,563,110,2013
ME,2,3016,1090,1851,13,2954,62,1563,788,717,13,1518,45,1453,302,1134,1436,17,494,105,382,487,7,6,159,153,6,159,0,164,150,14,2013
MI,21,11527,4927,4368,44,9339,2188,7236,3369,2106,44,5519,1717,4291,1558,2262,3820,471,1412,503,738,1241,171,20,969,558,20,578,391,1100,945,155,2013
MN,10,8214,4158,3131,10,7299,915,3728,2037,976,10,3023,705,4486,2121,2155,4276,210,1338,586,687,1273,65,10,915,612,10,622,293,349,286,63,2013
MO,8,8581,3381,3069,51,6501,2080,4652,1835,1479,51,3365,1287,3929,1546,1590,3136,793,1259,496,518,1014,245,42,695,352,42,394,301,843,667,176,2013
MS,3,2403,501,582,0,1083,1320,1753,323,325,0,648,1105,650,178,257,435,215,192,43,91,134,58,0,408,61,0,61,347,210,129,81,2013
MT,1,1878,706,388,0,1094,784,1211,410,164,0,574,637,667,296,224,520,147,207,89,76,165,42,0,210,55,0,55,155,309,118,191,2013
NC,12,12168,5281,3732,0,9013,3155,7530,3716,1667,0,5383,2147,4638,1565,2065,3630,1008,1520,519,650,1169,351,0,1451,675,0,675,776,1123,934,189,2013
ND,1,2069,540,134,0,674,1395,1230,370,73,0,443,787,839,170,61,231,608,244,62,21,83,161,0,110,68,0,68,42,241,60,181,2013
NE,3,3145,1532,1440,0,2972,173,1892,1041,692,0,1733,159,1253,491,748,1239,14,397,159,234,393,4,0,339,273,0,273,66,183,161,22,2013
NH,3,1447,685,551,9,1245,202,798,450,167,9,626,172,649,235,384,619,30,229,76,143,219,10,6,226,112,6,118,108,125,112,13,2013
NJ,17,12002,7224,3360,19,10603,1399,6093,3748,1149,19,4916,1177,5909,3476,2211,5687,222,1994,1189,728,1917,77,8,1002,630,8,638,364,540,420,120,2013
NM,2,2819,1495,896,0,2391,428,1786,1098,313,0,1411,375,1033,397,583,980,53,323,123,181,304,19,0,399,240,0,240,159,243,183,60,2013
NV,3,7039,2496,1182,20,3698,3341,6200,2015,864,20,2899,3301,839,481,318,799,40,316,195,109,304,12,1,718,374,1,375,343,790,477,313,2013
NY,30,77430,61742,11375,156,73273,4157,31235,20728,6330,156,27214,4021,46195,41014,5045,46059,136,13675,11961,1686,13647,28,152,4045,1521,152,1673,2372,4659,4201,458,2013
OH,9,12325,6336,4555,96,10987,1338,7611,4196,2180,96,6472,1139,4714,2140,2375,4515,199,1501,672,776,1448,53,66,1677,1069,66,1135,542,1212,1050,162,2013
OK,8,4408,2301,915,46,3262,1146,3179,1764,510,46,2320,859,1229,537,405,942,287,426,179,134,313,113,21,617,239,21,260,357,437,338,99,2013
OR,7,13822,2800,3619,13,6432,7390,8994,1983,1606,13,3602,5392,4828,817,2013,2830,1998,1524,276,629,905,619,11,2444,577,11,588,1856,1494,709,785,2013
PA,18,15086,6943,6555,229,13727,1359,7973,4207,2331,229,6767,1206,7113,2736,4224,6960,153,2409,929,1432,2361,48,182,1536,707,182,889,647,1462,1290,172,2013
RI,1,1384,850,400,17,1267,117,862,564,172,17,753,109,522,286,228,514,8,177,96,79,175,2,16,243,174,16,190,53,97,95,2,2013
SC,4,6544,1677,1722,12,3411,3133,4736,1300,1027,12,2339,2397,1808,377,695,1072,736,640,136,229,365,275,12,453,113,12,125,328,636,345,291,2013
SD,1,1094,433,322,0,755,339,557,255,139,0,394,163,537,178,183,361,176,154,56,59,115,39,0,117,42,0,42,75,125,106,19,2013
TN,10,9528,3421,2881,19,6321,3207,6909,2707,1906,19,4632,2277,2619,714,975,1689,930,880,249,332,581,299,18,1929,1061,18,1079,850,991,728,263,2013
TX,12,29615,9935,7456,134,17525,12090,20758,6259,3288,134,9681,11077,8857,3676,4168,7844,1013,2826,1140,1392,2532,294,111,4770,1566,111,1677,3093,3878,2007,1871,2013
UT,3,3277,1773,1037,49,2859,418,1959,1172,372,49,1593,366,1318,601,665,1266,52,406,189,202,391,15,49,347,219,49,268,79,327,290,37,2013
VA,16,7625,4285,2260,58,6603,1022,4532,2823,706,58,3587,945,3093,1462,1554,3016,77,984,469,490,959,25,45,1262,752,45,797,465,719,625,94,2013
VT,2,1454,959,307,4,1270,184,701,379,164,4,547,154,753,580,143,723,30,262,203,50,253,9,0,183,110,0,110,73,128,111,17,2013
WA,7,17760,5969,6684,54,12707,5053,10617,4032,1946,54,6032,4585,7143,1937,4738,6675,468,2217,614,1467,2081,136,45,1927,910,45,955,972,1318,1058,260,2013
WI,4,6104,3036,2638,62,5736,368,3005,1760,881,62,2703,302,3099,1276,1757,3033,66,1016,420,574,994,22,24,449,289,24,313,136,552,528,24,2013
WV,4,2240,1100,501,11,1612,628,1544,750,277,11,1038,506,696,350,224,574,122,228,117,75,192,36,8,390,203,8,211,179,329,292,37,2013
WY,1,953,292,209,0,501,452,677,245,61,0,306,371,276,47,148,195,81,84,11,44,55,29,0,221,116,0,116,105,137,110,27,2013
Total,415,590364,236658,156015,2025,394698,195666,368174,129278,71824,2025,203127,165047,222190,107380,84191,191571,30619,70957,33586,27269,60855,10102,1438,86289,27980,1438,29418,56871,55619,34909,20710,2013
AK,2,1784,1139,500,0,1639,145,1209,848,261,0,1109,100,575,291,239,530,45,193,108,71,179,14,0,182,119,0,119,63,178,160,18,2014
AL,8,4561,1851,1636,31,3518,1043,3115,1419,923,31,2373,742,1446,432,713,1145,301,457,141,216,357,100,26,618,219,26,245,373,542,450,92,2014
AR,6,2936,1021,482,0,1503,1433,2303,775,295,0,1070,1233,633,246,187,433,200,240,108,64,172,68,0,516,82,0,82,434,361,220,141,2014
AZ,3,10495,4291,3595,40,7926,2569,6194,2589,1222,40,3851,2343,4301,1702,2373,4075,226,1295,532,702,1234,61,19,904,284,19,303,601,858,635,223,2014
CA,40,113952,20964,21365,186,42515,71437,90765,14114,10557,186,24857,65908,23187,6850,10808,17658,5529,6956,1944,3184,5128,1828,114,28200,4303,114,4417,23783,12096,4457,7639,2014
CO,3,10028,4002,4058,23,8083,1945,5573,2849,1163,23,4035,1538,4455,1153,2895,4048,407,1317,352,835,1187,130,0,1335,635,0,635,700,753,528,225,2014
CT,6,4450,2481,1050,0,3531,919,3069,1730,513,0,2243,826,1381,751,537,1288,93,495,263,195,458,37,0,1026,696,0,696,330,295,221,74,2014
DE,1,901,435,429,0,864,37,584,318,236,0,554,30,317,117,193,310,7,104,40,62,102,2,0,88,79,0,79,9,93,89,4,2014
FL,28,41542,10250,9469,132,19851,21691,28730,7319,5435,132,12886,15844,12812,2931,4034,6965,5847,4550,950,1277,2227,2323,105,6843,1612,105,1717,5126,4552,2424,2128,2014
GA,9,16521,4441,3773,0,8214,8307,12403,3004,1928,0,4932,7471,4118,1437,1845,3282,836,1291,446,577,1023,268,0,2645,862,0,862,1783,1443,647,796,2014
HI,2,6918,1162,2626,25,3813,3105,3750,481,658,25,1164,2586,3168,681,1968,2649,519,790,168,495,663,127,22,1109,123,22,145,964,593,247,346,2014
IA,3,3122,1387,1539,0,2926,196,1544,884,484,0,1368,176,1578,503,1055,1558,20,487,153,329,482,5,0,211,121,0,121,90,202,177,25,2014
ID,2,2104,739,729,0,1468,636,1234,525,323,0,848,386,870,214,406,620,250,264,72,125,197,67,0,156,69,0,69,87,215,135,80,2014
IL,20,13107,5031,6281,97,11409,1698,7350,3539,2157,97,5793,1557,5757,1492,4124,5616,141,1880,511,1313,1824,56,67,1349,824,67,891,458,1234,913,321,2014
IN,3,5971,3376,2170,22,5568,403,3953,2362,1176,22,3560,393,2018,1014,994,2008,10,654,342,309,651,3,15,542,418,15,433,109,725,687,38,2014
KS,5,2783,1460,1064,10,2534,249,1533,941,344,10,1295,238,1250,519,720,1239,11,395,174,217,391,4,1,290,183,1,184,106,393,356,37,2014
KY,3,5089,2382,1865,11,4258,831,3352,1761,1033,11,2805,547,1737,621,832,1453,284,564,202,294,496,68,3,614,421,3,424,190,600,558,42,2014
LA,9,4606,1451,2030,22,3503,1103,3444,1141,1201,22,2364,1080,1162,310,829,1139,23,376,109,259,368,8,3,743,229,3,232,511,437,332,105,2014
MA,18,21237,16835,3576,67,20478,759,6788,3757,2217,67,6041,747,14449,13078,1359,14437,12,4781,4275,502,4777,4,54,1590,1231,54,1285,305,1264,1234,30,2014
MD,16,7856,3703,2469,95,6267,1589,4980,2470,1307,95,3872,1108,2876,1233,1162,2395,481,948,415,388,803,145,69,1515,928,69,997,518,654,555,99,2014
ME,2,2726,1107,1515,11,2633,93,1348,758,513,11,1282,66,1378,349,1002,1351,27,388,108,268,376,12,5,218,195,5,200,18,152,138,14,2014
MI,21,12227,5513,4522,40,10075,2152,7535,3742,2134,40,5916,1619,4692,1771,2388,4159,533,1521,550,780,1330,191,19,1160,726,19,745,415,1122,994,128,2014
MN,10,8377,4414,3168,0,7582,795,3652,2072,934,0,3006,646,4725,2342,2234,4576,149,1422,642,741,1383,39,0,885,562,0,562,323,317,263,54,2014
MO,8,7282,3521,2732,56,6309,973,4307,2140,1455,56,3651,656,2975,1381,1277,2658,317,902,432,381,813,89,31,735,438,31,469,266,652,563,89,2014
MS,3,2226,732,673,0,1405,821,1714,559,374,0,933,781,512,173,299,472,40,179,60,105,165,14,0,275,74,0,74,201,279,221,58,2014
MT,1,1745,471,440,0,911,834,1167,319,174,0,493,674,578,152,266,418,160,166,42,80,122,44,0,256,71,0,71,185,256,94,162,2014
NC,12,11491,5631,3243,0,8874,2617,7498,3963,1775,0,5738,1760,3993,1668,1468,3136,857,1303,561,471,1032,271,0,1284,639,0,639,645,1164,982,182,2014
ND,1,1258,639,155,0,794,464,886,439,87,0,526,360,372,200,68,268,104,120,63,25,88,32,0,111,97,0,97,14,151,117,34,2014
NE,3,3026,1584,1333,0,2917,109,1893,1136,652,0,1788,105,1133,448,681,1129,4,347,136,210,346,1,0,365,336,0,336,29,241,224,17,2014
NH,3,1376,710,526,7,1243,133,795,464,205,7,676,119,581,246,321,567,14,213,88,119,207,6,7,301,244,7,251,50,171,162,9,2014
NJ,17,11671,7692,2989,55,10736,935,6446,4325,1156,55,5536,910,5225,3367,1833,5200,25,1716,1106,602,1708,8,11,1150,749,11,760,390,630,554,76,2014
NM,2,2746,1409,909,0,2318,428,1804,1090,339,0,1429,375,942,319,570,889,53,306,123,164,287,19,0,617,458,0,458,159,318,258,60,2014
NV,3,8582,3582,1205,10,4797,3785,7356,2612,949,10,3571,3785,1226,970,256,1226,0,397,310,87,397,0,3,697,93,3,96,601,1036,546,490,2014
NY,29,80590,66893,9405,189,76487,4103,32643,22476,5935,189,28600,4043,47947,44417,3470,47887,60,14338,13061,1258,14319,19,174,4350,1773,174,1947,2403,2542,2085,457,2014
OH,9,11823,7043,3604,73,10720,1103,7704,4702,1994,73,6769,935,4119,2341,1610,3951,168,1314,723,538,1261,53,32,1340,862,32,894,446,1236,1102,134,2014
OK,8,4191,2499,710,50,3259,932,2964,1839,402,50,2291,673,1227,660,308,968,259,400,219,103,322,78,19,585,347,19,366,219,408,273,135,2014
OR,7,12164,2767,3324,10,6101,6063,7988,2079,1576,10,3665,4323,4176,688,1748,2436,1740,1275,224,562,786,489,10,2207,495,10,505,1702,1292,702,590,2014
PA,18,15333,7733,6294,274,14301,1032,8359,4721,2425,274,7420,939,6974,3012,3869,6881,93,2384,1018,1339,2357,27,207,1449,776,207,983,466,1411,1336,75,2014
RI,1,1190,803,345,22,1170,20,779,590,149,22,761,18,411,213,196,409,2,132,66,65,131,1,21,204,177,21,198,6,108,108,0,2014
SC,4,5057,1782,1455,12,3249,1808,3813,1364,876,12,2252,1561,1244,418,579,997,247,445,136,201,337,108,12,273,88,12,100,173,703,399,304,2014
SD,1,885,528,302,0,830,55,490,321,129,0,450,40,395,207,173,380,15,121,65,52,117,4,0,81,68,0,68,13,132,128,4,2014
TN,10,9415,4160,2206,17,6383,3032,6800,3278,1398,17,4693,2107,2615,882,808,1690,925,804,271,227,498,306,17,1904,1152,17,1169,735,1142,920,222,2014
TX,12,28495,10601,7494,133,18228,10267,19177,6583,3042,133,9758,9419,9318,4018,4452,8470,848,2784,1193,1356,2549,235,91,4952,1801,91,1892,3060,2718,1576,1142,2014
UT,3,3081,1762,959,47,2768,313,1729,1145,348,47,1540,189,1352,617,611,1228,124,398,203,177,380,18,45,386,301,45,346,40,317,293,24,2014
VA,16,7020,4281,1987,62,6330,690,4234,2876,632,62,3570,664,2786,1405,1355,2760,26,883,457,416,873,10,49,965,625,49,674,291,620,535,85,2014
VT,2,1559,1031,359,6,1396,163,823,536,162,6,704,119,736,495,197,692,44,239,161,60,221,18,4,199,155,4,159,40,120,111,9,2014
WA,7,18442,6202,6296,42,12540,5902,11390,4280,1935,42,6257,5133,7052,1922,4361,6283,769,2182,589,1342,1931,251,30,2311,985,30,1015,1296,1433,1089,344,2014
WI,4,6055,3111,2541,60,5712,343,2929,1772,844,60,2676,253,3126,1339,1697,3036,90,1007,422,555,977,30,21,436,338,21,359,77,520,496,24,2014
WV,4,2013,1189,381,13,1583,430,1488,928,234,13,1175,313,525,261,147,408,117,173,83,48,131,42,4,424,275,4,279,145,333,303,30,2014
WY,1,757,268,295,0,563,194,463,209,118,0,327,136,294,59,177,236,58,89,18,58,76,13,0,105,86,0,86,19,116,95,21,2014
Total,414,576450,254327,144710,2014,401051,175399,360189,139355,67779,2014,209148,151041,216261,114972,76931,191903,24358,67613,35390,24239,59629,7984,1358,83989,29845,1358,31203,52786,49689,32119,17570,2014
AK,2,1956,1127,512,0,1639,317,1342,792,292,0,1084,258,614,335,220,555,59,180,94,69,163,17,0,182,70,0,70,112,180,149,31,2015
AL,8,3970,1574,1349,20,2943,1027,2868,1146,910,20,2076,792,1102,428,439,867,235,360,140,147,287,73,2,557,155,2,157,400,474,399,75,2015
AR,7,2560,1161,515,2,1678,882,1833,722,365,2,1089,744,727,439,150,589,138,240,145,53,198,42,0,524,234,0,234,290,456,385,71,2015
AZ,3,9896,3395,3504,40,6939,2957,6548,2147,1637,40,3824,2724,3348,1248,1867,3115,233,1002,378,559,937,65,21,1246,276,21,297,949,1220,672,548,2015
CA,43,115738,22750,19128,161,42039,73699,93156,14735,9947,161,24843,68313,22582,8015,9181,17196,5386,7195,2592,3001,5593,1602,102,29178,4067,102,4169,25009,11311,4309,7002,2015
CO,3,9953,3782,3328,24,7134,2819,5729,2630,1085,24,3739,1990,4224,1152,2243,3395,829,1242,356,640,996,246,24,1572,730,24,754,818,950,644,306,2015
CT,3,4047,2418,1003,0,3421,626,2719,1615,509,0,2124,595,1328,803,494,1297,31,456,271,174,445,11,0,538,240,0,240,298,282,241,41,2015
DE,1,953,529,387,0,916,37,602,361,204,0,565,37,351,168,183,351,0,115,53,62,115,0,0,64,59,0,59,5,79,74,5,2015
FL,27,35900,9894,8865,124,18883,17017,26325,6653,5256,124,12033,14292,9575,3241,3609,6850,2725,3053,996,1111,2107,946,55,6021,1155,55,1210,4811,3926,2372,1554,2015
GA,9,13790,3984,4003,0,7987,5803,9702,2596,2187,0,4783,4919,4088,1388,1816,3204,884,1236,508,506,1014,222,0,1994,568,0,568,1426,1548,866,682,2015
HI,2,7620,1257,2494,26,3777,3843,4307,541,676,26,1243,3064,3313,716,1818,2534,779,798,179,434,613,185,20,1372,133,20,153,1219,692,275,417,2015
IA,3,3081,1225,1653,0,2878,203,1501,808,494,0,1302,199,1580,417,1159,1576,4,496,136,359,495,1,0,201,147,0,147,54,207,175,32,2015
ID,2,1966,790,707,0,1497,469,1172,508,324,0,832,340,794,282,383,665,129,251,90,123,213,38,0,164,84,0,84,80,249,174,75,2015
IL,20,13177,4684,5694,85,10463,2714,8152,3420,2094,85,5599,2553,5025,1264,3600,4864,161,1648,433,1164,1597,51,58,1799,834,58,892,907,1226,769,457,2015
IN,3,5863,3082,2150,48,5280,583,3914,2099,1206,48,3353,561,1949,983,944,1927,22,636,325,306,631,5,15,608,435,15,450,158,790,726,64,2015
KS,5,2588,1353,918,12,2283,305,1466,865,314,12,1191,275,1122,488,604,1092,30,346,154,180,334,12,5,339,209,5,214,125,311,276,35,2015
KY,3,4538,2281,1515,0,3796,742,3151,1699,923,0,2622,529,1387,582,592,1174,213,467,202,196,398,69,0,383,345,0,345,38,591,541,50,2015
LA,9,4081,1306,1545,39,2890,1191,3217,929,1085,39,2053,1164,864,377,460,837,27,285,130,146,276,9,9,735,246,9,255,480,392,350,42,2015
MA,16,21135,17444,3052,46,20542,593,6378,3996,1772,46,5814,564,14757,13448,1280,14728,29,4903,4389,503,4892,11,35,1411,1135,35,1170,241,1133,1101,32,2015
MD,16,8390,3953,2543,98,6594,1796,5383,2572,1317,98,3987,1396,3007,1381,1226,2607,400,970,438,409,847,123,76,1634,847,76,923,711,714,586,128,2015
ME,2,2372,1085,1215,13,2313,59,1219,716,441,13,1170,49,1153,369,774,1143,10,358,119,236,355,3,1,193,178,1,179,14,151,142,9,2015
MI,21,10516,5393,3996,55,9444,1072,6546,3593,1905,55,5553,993,3970,1800,2091,3891,79,1285,573,688,1261,24,8,830,511,8,519,311,1067,991,76,2015
MN,10,7546,3764,2941,0,6705,841,3622,2101,886,0,2987,635,3924,1663,2055,3718,206,1192,521,600,1121,71,0,1124,833,0,833,291,297,253,44,2015
MO,8,6482,3379,1973,59,5411,1071,3434,1786,795,59,2640,794,3048,1593,1178,2771,277,926,507,338,845,81,52,875,484,52,536,339,540,430,110,2015
MS,3,1983,523,618,0,1141,842,1475,369,324,0,693,782,508,154,294,448,60,152,54,84,138,14,0,233,67,0,67,166,206,87,119,2015
MT,1,1709,535,302,0,837,872,1127,346,132,0,478,649,582,189,170,359,223,182,63,57,120,62,0,154,23,0,23,131,277,98,179,2015
NC,12,10685,5672,2588,0,8260,2425,7156,3934,1438,0,5372,1784,3529,1738,1150,2888,641,1110,565,356,921,189,0,1253,605,0,605,648,1092,904,188,2015
ND,1,1305,640,179,0,819,486,864,467,124,0,591,273,441,173,55,228,213,123,51,20,71,52,0,70,52,0,52,18,137,90,47,2015
NE,3,2744,1493,1128,0,2621,123,1720,1012,585,0,1597,123,1024,481,543,1024,0,327,152,175,327,0,0,257,201,0,201,56,247,231,16,2015
NH,3,1445,770,535,8,1313,132,778,480,178,8,666,112,667,290,357,647,20,244,101,137,238,6,8,257,197,8,205,52,138,124,14,2015
NJ,16,10098,6877,2225,22,9124,974,6189,3993,1278,22,5293,896,3909,2884,947,3831,78,1346,987,340,1327,19,6,1182,746,6,752,430,696,616,80,2015
NM,2,2629,1387,788,0,2175,454,1666,970,267,0,1237,429,963,417,521,938,25,296,128,162,290,6,0,621,360,0,360,261,278,214,64,2015
NV,3,8743,3251,1262,15,4528,4215,7858,2537,1094,15,3646,4212,885,714,168,882,3,279,218,60,278,1,4,585,104,4,108,477,860,516,344,2015
NY,27,88250,75646,8400,182,84228,4022,36135,26729,5261,182,32172,3963,52115,48917,3139,52056,59,15361,14169,1175,15344,17,169,4327,1813,169,1982,2345,2399,2268,131,2015
OH,9,11182,6942,3056,85,10083,1099,7565,4628,1877,85,6590,975,3617,2314,1179,3493,124,1108,669,404,1073,35,40,1160,742,40,782,378,1183,1073,110,2015
OK,8,3777,2309,665,25,2999,778,2781,1714,372,25,2111,670,996,595,293,888,108,343,201,104,305,38,22,508,267,22,289,219,351,253,98,2015
OR,7,13226,3214,2608,9,5831,7395,9461,2424,1615,9,4048,5413,3765,790,993,1783,1982,1179,259,327,586,593,9,3521,912,9,921,2600,1464,769,695,2015
PA,16,15421,7576,6155,262,13993,1428,8605,4596,2418,262,7276,1329,6816,2980,3737,6717,99,2299,1016,1253,2269,30,194,1442,715,194,909,533,1375,1295,80,2015
RI,1,1111,743,332,0,1075,36,706,530,143,0,673,33,405,213,189,402,3,112,59,52,111,1,0,110,100,0,100,10,107,105,2,2015
SC,4,5354,1639,1807,12,3458,1896,3934,1217,1236,12,2465,1469,1420,422,571,993,427,510,136,196,332,178,12,916,444,12,456,460,681,470,211,2015
SD,1,1036,642,258,0,900,136,630,412,94,0,506,124,406,230,164,394,12,125,71,51,122,3,0,85,59,0,59,26,177,170,7,2015
TN,10,9123,3540,2324,15,5879,3244,6516,2651,1409,15,4075,2441,2607,889,915,1804,803,869,295,283,578,291,7,1492,641,7,648,844,945,756,189,2015
TX,11,23678,10244,5829,119,16192,7486,16265,7050,2065,119,9234,7031,7413,3194,3764,6958,455,2316,986,1173,2159,157,92,3778,1451,92,1543,2235,2393,1490,903,2015
UT,3,3025,1912,865,22,2799,226,1809,1232,351,22,1605,204,1216,680,514,1194,22,364,208,149,357,7,2,178,163,2,165,13,337,313,24,2015
VA,16,7001,4453,1688,49,6190,811,4190,2884,501,49,3434,756,2811,1569,1187,2756,55,890,506,368,874,16,20,1041,682,20,702,339,604,513,91,2015
VT,2,1523,1082,287,4,1373,150,910,623,148,4,775,135,613,459,139,598,15,201,151,46,197,4,0,139,84,0,84,55,119,113,6,2015
WA,7,19419,6624,5630,44,12298,7121,12526,4375,1781,44,6200,6326,6893,2249,3849,6098,795,2154,674,1262,1936,218,28,2261,880,28,908,1353,1293,886,407,2015
WI,4,6057,3112,2443,60,5615,442,2992,1765,822,60,2647,345,3065,1347,1621,2968,97,954,422,501,923,31,28,361,249,28,277,84,534,515,19,2015
WV,4,1835,1020,370,13,1403,432,1414,811,225,13,1049,365,421,209,145,354,67,129,62,46,108,21,5,352,187,5,192,160,305,227,78,2015
WY,1,798,231,276,0,507,291,500,187,105,0,292,208,298,44,171,215,83,93,16,55,71,22,0,86,35,0,35,51,112,83,29,2015
Total,406,564708,259297,130282,1861,391440,173268,358422,139970,63785,1861,205616,152806,206286,119327,66497,185824,20462,64197,36752,21312,58064,6133,1152,83170,27203,1152,28355,54815,47725,31505,16220,2015
AK,2,1940,1007,491,0,1498,442,1527,777,312,0,1089,438,413,230,179,409,4,135,76,58,134,1,0,112,84,0,84,28,168,112,56,2016
AL,8,4111,1601,1258,34,2893,1218,3019,1147,836,34,2017,1002,1092,454,422,876,216,356,139,154,293,63,2,390,161,2,163,227,373,321,52,2016
AR,7,2463,1092,514,10,1616,847,1838,769,361,10,1140,698,625,323,153,476,149,191,107,40,147,44,0,417,163,0,163,254,222,159,63,2016
AZ,3,9707,3701,2722,40,6463,3244,6659,2411,1113,40,3564,3095,3048,1290,1609,2899,149,917,400,477,877,40,19,1327,404,19,423,904,1036,663,373,2016
CA,43,118142,21766,17860,126,39752,78390,97660,14154,9440,126,23720,73940,20482,7612,8420,16032,4450,6764,2463,2712,5175,1589,66,29802,3844,66,3910,25892,9612,4012,5600,2016
CO,3,10550,4467,3098,46,7611,2939,6450,3227,1079,46,4352,2098,4100,1240,2019,3259,841,1200,346,613,959,241,46,1642,837,46,883,759,1181,906,275,2016
CT,2,3902,2370,859,0,3229,673,2570,1494,409,0,1903,667,1332,876,450,1326,6,449,290,157,447,2,0,439,254,0,254,185,216,173,43,2016
DE,1,1070,621,398,0,1019,51,753,454,248,0,702,51,317,167,150,317,0,108,53,55,108,0,0,65,63,0,63,2,107,103,4,2016
FL,27,33559,10526,7542,130,18198,15361,24201,6838,4673,130,11641,12560,9358,3688,2869,6557,2801,3031,1222,880,2102,929,71,5415,1148,71,1219,4196,2902,1825,1077,2016
GA,9,12909,3963,3580,0,7543,5366,9265,2721,2064,0,4785,4480,3644,1242,1516,2758,886,1145,426,494,920,225,0,1658,415,0,415,1243,1055,581,474,2016
HI,2,7921,1226,2361,26,3613,4308,4590,647,609,26,1282,3308,3331,579,1752,2331,1000,805,153,416,569,236,17,1659,103,17,120,1539,670,264,406,2016
IA,3,3064,1332,1589,0,2921,143,1543,918,482,0,1400,143,1521,414,1107,1521,0,466,123,343,466,0,0,159,112,0,112,47,170,154,16,2016
ID,2,2247,832,677,0,1509,738,1284,562,324,0,886,398,963,270,353,623,340,291,85,112,197,94,0,227,99,0,99,128,267,202,65,2016
IL,20,11590,4183,5459,94,9736,1854,6986,3231,1901,94,5226,1760,4604,952,3558,4510,94,1461,316,1115,1431,30,29,937,533,29,562,375,949,713,236,2016
IN,3,5798,3164,1909,34,5107,691,3824,2092,1032,34,3158,666,1974,1072,877,1949,25,609,338,266,604,5,9,534,310,9,319,215,663,614,49,2016
KS,5,2255,1080,881,12,1973,282,1228,677,267,12,956,272,1027,403,614,1017,10,343,123,217,340,3,0,233,129,0,129,104,169,138,31,2016
KY,3,4237,2112,1419,0,3531,706,2949,1514,886,0,2400,549,1288,598,533,1131,157,410,187,178,365,45,0,353,218,0,218,135,512,452,60,2016
LA,9,3994,1444,1366,43,2853,1141,3176,1105,921,43,2069,1107,818,339,445,784,34,243,109,122,231,12,6,570,161,6,167,403,400,363,37,2016
MA,16,19608,15714,3093,41,18848,760,6434,3838,1811,41,5690,744,13174,11876,1282,13158,16,4381,3916,458,4374,7,36,1272,987,36,1023,249,949,915,34,2016
MD,16,7689,3647,2436,78,6161,1528,4983,2417,1256,78,3751,1232,2706,1230,1180,2410,296,866,388,389,777,89,47,1277,735,47,782,495,555,436,119,2016
ME,2,2241,1060,1049,12,2121,120,1321,677,526,12,1215,106,920,383,523,906,14,297,116,176,292,5,5,199,151,5,156,43,146,125,21,2016
MI,21,9316,5394,2905,57,8356,960,5803,3436,1480,57,4973,830,3513,1958,1425,3383,130,1109,616,457,1073,36,20,719,505,20,525,194,822,758,64,2016
MN,10,7341,3700,2752,0,6452,889,3669,2158,744,0,2902,767,3672,1542,2008,3550,122,1065,486,548,1034,31,0,715,570,0,570,145,279,248,31,2016
MO,8,6194,3050,1890,38,4978,1216,3810,1874,918,38,2830,980,2384,1176,972,2148,236,767,379,324,703,64,38,891,527,38,565,326,575,494,81,2016
MS,3,1738,524,365,0,889,849,1299,373,183,0,556,743,439,151,182,333,106,133,49,52,101,32,0,180,28,0,28,152,144,58,86,2016
MT,1,1418,481,307,0,788,630,844,296,147,0,443,401,574,185,160,345,229,172,61,52,113,59,0,117,21,0,21,96,165,92,73,2016
NC,12,9559,5215,2035,0,7250,2309,6396,3480,1202,0,4682,1714,3163,1735,833,2568,595,1041,573,272,845,196,0,999,527,0,527,472,888,730,158,2016
ND,1,923,535,172,0,707,216,662,444,65,0,509,153,261,91,107,198,63,70,27,31,58,12,0,89,41,0,41,48,116,63,53,2016
NE,3,2754,1484,1169,0,2653,101,1880,1085,694,0,1779,101,874,399,475,874,0,280,127,153,280,0,0,200,163,0,163,37,219,211,8,2016
NH,3,1366,653,562,8,1223,143,827,429,258,8,695,132,539,224,304,528,11,185,83,98,181,4,2,227,162,2,164,63,123,119,4,2016
NJ,15,8895,5514,1927,20,7461,1434,5540,3173,994,20,4187,1353,3355,2341,933,3274,81,1123,767,331,1098,25,0,704,291,0,291,413,556,485,71,2016
NM,2,2263,1241,568,0,1809,454,1556,904,223,0,1127,429,707,337,345,682,25,229,117,106,223,6,0,603,342,0,342,261,214,150,64,2016
NV,3,7398,2328,1118,25,3471,3927,6853,1999,913,25,2937,3916,545,329,205,534,11,180,106,70,176,4,9,330,36,9,45,285,851,437,414,2016
NY,26,86352,75595,7003,163,82761,3591,35315,27242,4388,163,31793,3522,51037,48353,2615,50968,69,15499,14534,940,15474,25,14,4112,2049,14,2063,2049,1248,1156,92,2016
OH,9,10404,6530,2647,89,9266,1138,6946,4221,1580,89,5890,1056,3458,2309,1067,3376,82,1079,719,342,1061,18,38,733,365,38,403,330,930,845,85,2016
OK,8,4107,2425,638,24,3087,1020,2997,1731,365,24,2120,877,1110,694,273,967,143,360,217,96,313,47,15,610,314,15,329,281,358,260,98,2016
OR,7,13238,3138,2090,8,5236,8002,9379,2325,1325,8,3658,5721,3859,813,765,1578,2281,1315,265,241,506,809,8,3077,498,8,506,2571,1341,603,738,2016
PA,16,15339,7784,5689,191,13664,1675,8599,4634,2255,191,7080,1519,6740,3150,3434,6584,156,2200,989,1163,2152,48,141,1209,532,141,673,536,1136,1088,48,2016
RI,1,1160,822,301,0,1123,37,859,682,140,0,822,37,301,140,161,301,0,93,41,52,93,0,0,136,133,0,133,3,89,89,0,2016
SC,4,5051,1832,1517,12,3361,1690,3758,1359,969,12,2340,1418,1293,473,548,1021,272,409,153,176,329,80,12,913,383,12,395,518,738,452,286,2016
SD,1,1072,616,271,0,887,185,548,326,120,0,446,102,524,290,151,441,83,170,85,58,143,27,0,34,30,0,30,4,120,109,11,2016
TN,10,8779,3729,2037,7,5773,3006,6652,2838,1357,7,4202,2450,2127,891,680,1571,556,710,302,232,534,176,7,1640,606,7,613,1027,831,654,177,2016
TX,11,23122,10448,5669,97,16214,6908,15959,7076,2142,97,9315,6644,7163,3372,3527,6899,264,2297,1062,1154,2216,81,68,3534,1432,68,1500,2034,1768,1285,483,2016
UT,3,2807,1984,587,0,2571,236,1828,1290,322,0,1612,216,979,694,265,959,20,298,210,81,291,7,0,168,158,0,158,10,335,311,24,2016
VA,16,6268,3900,1559,43,5502,766,3959,2698,504,43,3245,714,2309,1202,1055,2257,52,737,394,326,720,17,25,750,500,25,525,225,515,439,76,2016
VT,2,1117,660,297,4,961,156,655,377,135,4,516,139,462,283,162,445,17,158,95,57,152,6,0,120,74,0,74,46,110,97,13,2016
WA,7,20827,6752,5567,42,12361,8466,13900,4659,1688,42,6389,7511,6927,2093,3879,5972,955,2185,659,1219,1878,307,24,2307,801,24,825,1482,1484,999,485,2016
WI,4,5685,3044,2167,64,5275,410,2886,1682,749,64,2495,391,2799,1362,1418,2780,19,862,414,442,856,6,27,276,182,27,209,67,415,392,23,2016
WV,4,1387,963,278,11,1252,135,1039,724,169,11,904,135,348,239,109,348,0,113,79,34,113,0,0,161,113,0,113,48,143,126,17,2016
WY,1,857,297,194,0,491,366,517,184,93,0,277,240,340,113,101,214,126,110,40,37,77,33,0,80,29,0,29,51,87,56,31,2016
Total,402,549928,254306,117579,1686,373571,176357,355212,138311,58011,1686,198008,157204,194716,115995,59568,175563,19153,61265,36203,19062,55265,6000,855,77486,23741,855,24596,52890,39471,26404,13067,2016
AK,2,1845,1017,534,0,1551,294,1354,792,268,0,1060,294,491,225,266,491,0,165,80,85,165,0,0,216,117,0,117,99,124,95,29,2017
AL,8,3793,1644,978,34,2656,1137,2985,1163,753,34,1950,1035,808,481,225,706,102,262,153,76,229,33,4,344,148,4,152,192,269,202,67,2017
AR,6,2467,915,358,0,1273,1194,2068,677,260,0,937,1131,399,238,98,336,63,121,63,37,100,21,0,450,138,0,138,312,239,130,109,2017
AZ,3,8947,3841,1904,36,5781,3166,6488,2541,846,36,3423,3065,2459,1300,1058,2358,101,689,357,307,664,25,17,1463,475,17,492,971,970,641,329,2017
CA,43,131532,26854,15656,126,42636,88896,110260,16157,8739,126,25022,85238,21272,10697,6917,17614,3658,7083,3484,2352,5836,1247,57,35541,4373,57,4430,31111,11436,3815,7621,2017
CO,3,10940,4135,2921,25,7081,3859,7571,3398,1296,25,4719,2852,3369,737,1625,2362,1007,993,228,474,702,291,25,2126,889,25,914,1212,1078,743,335,2017
CT,2,3388,2249,723,0,2972,416,2208,1451,345,0,1796,412,1180,798,378,1176,4,392,264,127,391,1,0,387,240,0,240,147,191,177,14,2017
DE,1,994,564,372,0,936,58,615,355,208,0,563,52,379,209,164,373,6,129,67,60,127,2,0,123,98,0,98,25,91,85,6,2017
FL,27,32190,10732,6266,113,17111,15079,22768,6617,4201,113,10931,11837,9422,4115,2065,6180,3242,2846,1264,660,1924,922,66,4951,1061,66,1127,3824,2817,1821,996,2017
GA,9,10174,3821,2830,0,6651,3523,7422,2298,1804,0,4102,3320,2752,1523,1026,2549,203,1019,605,334,939,80,0,963,405,0,405,558,712,466,246,2017
HI,2,7220,1341,2054,25,3420,3800,4535,746,487,25,1258,3277,2685,595,1567,2162,523,666,159,380,539,127,12,1588,152,12,164,1424,615,237,378,2017
IA,3,2756,1373,1279,0,2652,104,1500,957,439,0,1396,104,1256,416,840,1256,0,382,129,253,382,0,0,170,114,0,114,56,171,153,18,2017
ID,2,2037,1003,395,0,1398,639,1309,673,184,0,857,452,728,330,211,541,187,211,103,64,167,44,0,391,257,0,257,134,228,159,69,2017
IL,20,10798,4160,4306,75,8541,2257,6894,3067,1617,75,4759,2135,3904,1093,2689,3782,122,1228,353,828,1181,47,52,1355,592,52,644,711,864,575,289,2017
IN,2,5438,3368,1457,44,4869,569,3623,2232,806,44,3082,541,1815,1136,651,1787,28,576,363,204,567,9,22,486,410,22,432,54,615,569,46,2017
KS,5,2287,1277,659,6,1942,345,1423,830,247,6,1083,340,864,447,412,859,5,263,140,122,262,1,0,252,166,0,166,86,217,177,40,2017
KY,3,4025,2174,1122,2,3298,727,3032,1607,777,2,2386,646,993,567,345,912,81,334,191,118,309,25,2,383,250,2,252,131,489,445,44,2017
LA,8,3305,1326,967,37,2330,975,2559,891,719,37,1647,912,746,435,248,683,63,231,128,83,211,20,20,609,154,20,174,435,383,329,54,2017
MA,15,17565,14301,2196,77,16574,991,6267,3850,1361,77,5288,979,11298,10451,835,11286,12,3430,3123,303,3426,4,35,1238,850,35,885,353,853,808,45,2017
MD,16,7247,3557,1877,77,5511,1736,5077,2337,1095,77,3509,1568,2170,1220,782,2002,168,681,379,256,635,46,43,1436,703,43,746,690,536,440,96,2017
ME,1,2280,993,1092,15,2100,180,1352,681,548,15,1244,108,928,312,544,856,72,307,109,177,286,21,12,189,177,12,189,0,131,120,11,2017
MI,21,9051,5656,2326,46,8028,1023,5628,3554,1115,46,4715,913,3423,2102,1211,3313,110,1060,651,375,1026,34,18,709,464,18,482,227,773,713,60,2017
MN,10,7668,3620,2940,0,6560,1108,3899,2013,879,0,2892,1007,3769,1607,2061,3668,101,1140,501,609,1110,30,0,813,472,0,472,341,281,244,37,2017
MO,8,6037,3133,1719,33,4885,1152,3768,1865,872,33,2770,998,2269,1268,847,2115,154,749,418,287,705,44,30,883,495,30,525,358,538,449,89,2017
MS,3,1472,421,332,0,753,719,1100,239,213,0,452,648,372,182,119,301,71,111,55,35,90,21,0,61,13,0,13,48,57,39,18,2017
MT,1,1529,748,237,0,985,544,987,517,116,0,633,354,542,231,121,352,190,169,75,42,117,52,0,182,73,0,73,109,205,125,80,2017
NC,12,8962,4893,1618,0,6511,2451,6044,3155,974,0,4129,1915,2918,1738,644,2382,536,911,554,194,748,163,0,994,359,0,359,635,931,732,199,2017
ND,1,1089,584,174,0,758,331,832,533,117,0,650,182,257,51,57,108,149,77,15,21,36,41,0,37,25,0,25,12,74,58,16,2017
NE,3,2501,1608,773,0,2381,120,1698,1163,415,0,1578,120,803,445,358,803,0,266,141,125,266,0,0,361,285,0,285,76,174,172,2,2017
NH,3,1456,764,509,9,1282,174,776,475,154,9,638,138,680,289,355,644,36,238,96,125,221,17,5,100,33,5,38,62,124,113,11,2017
NJ,16,8536,5264,1836,22,7122,1414,5433,3043,973,22,4038,1395,3103,2221,863,3084,19,1018,717,294,1011,7,10,955,532,10,542,413,583,494,89,2017
NM,2,2482,1254,432,0,1686,796,1865,929,218,0,1147,718,617,325,214,539,78,191,98,66,164,27,0,712,385,0,385,327,248,135,113,2017
NV,3,7833,2270,965,20,3255,4578,7281,1890,811,20,2721,4560,552,380,154,534,18,186,129,50,179,7,12,502,109,12,121,381,832,492,340,2017
NY,26,89503,79149,5724,75,84948,4555,37390,28643,4172,75,32890,4500,52113,50506,1552,52058,55,16297,15753,528,16281,16,54,5087,3056,54,3110,1977,1244,1186,58,2017
OH,9,10095,6759,1967,60,8786,1309,6688,4385,1049,60,5494,1194,3407,2374,918,3292,115,1025,687,304,991,34,40,725,356,40,396,329,862,785,77,2017
OK,8,4199,2385,677,22,3084,1115,2824,1596,374,22,1992,832,1375,789,303,1092,283,480,260,109,369,111,15,578,280,15,295,283,349,235,114,2017
OR,7,13953,3767,2212,7,5986,7967,10434,2883,1403,7,4293,6141,3519,884,809,1693,1826,1083,281,259,540,543,7,3120,761,7,768,2352,1251,583,668,2017
PA,16,14138,7524,4646,170,12340,1798,8271,4433,1926,170,6529,1742,5867,3091,2720,5811,56,1946,1007,923,1930,16,135,1372,633,135,768,604,963,875,88,2017
RI,1,1180,807,304,0,1111,69,802,620,113,0,733,69,378,187,191,378,0,106,54,52,106,0,0,240,215,0,215,25,95,92,3,2017
SC,4,3916,1619,783,13,2415,1501,2896,1221,433,13,1667,1229,1020,398,350,748,272,325,137,117,254,71,11,792,215,11,226,566,480,321,159,2017
SD,1,943,590,182,0,772,171,611,343,109,0,452,159,332,247,73,320,12,124,98,23,121,3,0,101,81,0,81,20,130,123,7,2017
TN,10,8309,3896,1642,6,5544,2765,6137,2701,1176,6,3883,2254,2172,1195,466,1661,511,655,341,153,494,161,6,1295,476,6,482,813,757,615,142,2017
TX,11,23548,10545,4439,71,15055,8493,16708,6880,1763,71,8714,7994,6840,3665,2676,6341,499,2168,1115,871,1986,182,48,3497,1271,48,1319,2178,2200,1379,821,2017
UT,3,2852,2165,409,0,2574,278,1882,1343,261,0,1604,278,970,822,148,970,0,281,237,44,281,0,0,163,119,0,119,44,220,203,17,2017
VA,16,6067,3861,1146,52,5059,1008,4028,2543,454,52,3049,979,2039,1318,692,2010,29,631,414,206,620,11,32,864,469,32,501,363,478,384,94,2017
VT,2,1225,843,245,3,1091,134,697,448,149,3,600,97,528,395,96,491,37,179,136,34,170,9,2,111,80,2,82,29,94,89,5,2017
WA,7,21112,7448,5030,43,12521,8591,14781,4956,1734,43,6733,8048,6331,2492,3296,5788,543,1993,750,1073,1823,170,37,4357,1253,37,1290,3067,2093,1094,999,2017
WI,4,5027,3062,1543,82,4687,340,2645,1730,505,82,2317,328,2382,1332,1038,2370,12,743,397,342,739,4,42,342,233,42,275,67,329,309,20,2017
WV,4,1309,920,190,11,1121,188,1032,726,123,11,860,172,277,194,67,261,16,95,68,23,91,4,1,188,130,1,131,57,137,124,13,2017
WY,1,873,321,189,0,510,363,622,293,90,0,383,239,251,28,99,127,124,96,12,43,55,41,0,14,14,0,14,0,63,50,13,2017
Total,399,550996,262430,96974,1463,360867,190129,366585,140843,50838,1463,193144,173441,184411,121587,46136,167723,16688,57886,37951,14878,52829,5057,898,86705,25731,898,26629,60076,40020,24690,15330,2017
AK,2,2016,1248,459,0,1707,309,1434,953,220,0,1173,261,582,295,239,534,48,193,100,75,175,18,0,323,243,0,243,80,132,110,22,2018
AL,8,3434,1519,865,40,2424,1010,2570,1057,596,40,1693,877,864,462,269,731,133,280,153,90,243,37,13,472,264,13,277,195,339,267,72,2018
AR,7,2712,933,516,6,1455,1257,2280,708,367,6,1081,1199,432,225,149,374,58,147,76,51,127,20,4,453,149,4,153,300,251,150,101,2018
AZ,3,9865,3615,2144,40,5799,4066,7259,2327,987,40,3354,3905,2606,1288,1157,2445,161,792,390,355,745,47,13,1740,551,13,564,1176,893,540,353,2018
CA,43,129972,27475,12737,217,40429,89543,109008,16507,6911,217,23635,85373,20964,10968,5826,16794,4170,6702,3464,1908,5372,1330,101,32668,4756,101,4857,27811,10836,3622,7214,2018
CO,3,10857,4158,2348,22,6528,4329,7607,3317,963,22,4302,3305,3250,841,1385,2226,1024,990,258,431,689,301,22,2571,1077,22,1099,1472,1073,657,416,2018
CT,2,3976,2879,516,0,3395,581,2280,1451,248,0,1699,581,1696,1428,268,1696,0,553,464,89,553,0,0,298,195,0,195,103,190,177,13,2018
DE,1,1082,702,282,5,989,93,708,460,150,5,615,93,374,242,132,374,0,125,83,42,125,0,0,162,143,0,143,19,70,67,3,2018
FL,27,31030,12089,5419,129,17637,13393,21443,7031,3526,129,10686,10757,9587,5058,1893,6951,2636,2757,1501,569,2070,687,44,4543,1193,44,1237,3306,2543,1582,961,2018
GA,9,9499,3434,2466,0,5900,3599,6943,2002,1555,0,3557,3386,2556,1432,911,2343,213,812,460,265,725,87,0,992,238,0,238,754,705,429,276,2018
HI,2,6530,1528,1527,0,3055,3475,4131,832,383,0,1215,2916,2399,696,1144,1840,559,623,195,280,475,148,0,1529,202,0,202,1327,532,240,292,2018
IA,3,2749,1481,1004,23,2508,241,1711,1035,433,23,1491,220,1038,446,571,1017,21,325,141,179,320,5,2,215,149,2,151,64,196,177,19,2018
ID,2,2012,954,335,0,1289,723,1297,647,125,0,772,525,715,307,210,517,198,209,94,64,158,51,0,293,138,0,138,155,215,146,69,2018
IL,20,10643,6247,2381,73,8701,1942,6752,3746,1057,73,4876,1876,3891,2501,1324,3825,66,1223,743,460,1203,20,57,1470,721,57,778,692,804,574,230,2018
IN,2,5258,3370,1218,91,4679,579,3776,2376,738,91,3205,571,1482,994,480,1474,8,481,325,153,478,3,48,428,333,48,381,47,539,491,48,2018
KS,5,2216,1300,555,4,1859,357,1443,880,213,4,1097,346,773,420,342,762,11,217,122,93,215,2,3,278,166,3,169,109,195,167,28,2018
KY,3,3688,2340,480,0,2820,868,2735,1650,306,0,1956,779,953,690,174,864,89,286,208,54,262,24,0,349,262,0,262,87,369,308,61,2018
LA,7,3059,1163,795,36,1994,1065,2540,839,627,36,1502,1038,519,324,168,492,27,164,105,51,156,8,14,467,133,14,147,320,406,362,44,2018
MA,15,20068,16855,2148,80,19083,985,6811,4394,1354,80,5828,983,13257,12461,794,13255,2,4149,3861,287,4148,1,33,1373,1021,33,1054,319,985,934,51,2018
MD,16,7144,3603,1700,77,5380,1764,4914,2298,1007,77,3382,1532,2230,1305,693,1998,232,699,415,225,640,59,43,1259,565,43,608,651,574,470,104,2018
ME,1,2516,1012,1391,15,2418,98,1450,644,700,15,1359,91,1066,368,691,1059,7,341,114,225,339,2,10,198,187,10,197,1,119,106,13,2018
MI,21,8351,5499,1881,72,7452,899,5209,3426,892,72,4390,819,3142,2073,989,3062,80,965,623,315,938,27,8,756,575,8,583,173,693,646,47,2018
MN,10,7243,3855,2251,16,6122,1121,3993,2168,835,16,3019,974,3250,1687,1416,3103,147,979,466,469,935,44,11,970,620,11,631,339,301,250,51,2018
MO,8,5883,3262,1369,38,4669,1214,3776,1920,676,38,2634,1142,2107,1342,693,2035,72,706,438,246,684,22,38,819,416,38,454,365,507,415,92,2018
MS,3,1352,404,327,0,731,621,1024,261,200,0,461,563,328,143,127,270,58,112,50,45,95,17,0,255,40,0,40,215,102,37,65,2018
MT,1,1405,793,239,0,1032,373,983,541,141,0,682,301,422,252,98,350,72,134,78,34,112,22,0,183,97,0,97,86,198,125,73,2018
NC,12,9268,5289,1529,0,6818,2450,6451,3577,944,0,4521,1930,2817,1712,585,2297,520,897,546,179,725,172,0,1175,674,0,674,501,884,735,149,2018
ND,1,542,339,155,0,494,48,467,306,113,0,419,48,75,33,42,75,0,27,13,14,27,0,0,69,69,0,69,0,9,9,0,2018
NE,3,2421,1736,541,0,2277,144,1745,1272,336,0,1608,137,676,464,205,669,7,236,158,76,234,2,0,380,325,0,325,55,171,168,3,2018
NH,3,1450,812,476,8,1296,154,835,543,142,8,693,142,615,269,334,603,12,215,93,117,210,5,0,141,85,0,85,56,143,136,7,2018
NJ,16,9398,5805,1951,19,7775,1623,6048,3436,1015,19,4470,1578,3350,2369,936,3305,45,1093,769,311,1080,13,14,1212,450,14,464,748,555,470,85,2018
NM,2,2551,1368,387,0,1755,796,1949,1021,210,0,1231,718,602,347,177,524,78,201,120,54,174,27,0,814,487,0,487,327,290,177,113,2018
NV,3,7544,2183,921,201,3305,4239,7058,1821,851,201,2873,4185,486,362,70,432,54,167,125,26,151,16,57,637,207,57,264,373,723,530,193,2018
NY,26,91897,82370,5137,96,87603,4294,39827,31571,3895,96,35562,4265,52070,50799,1242,52041,29,16368,15934,422,16356,12,48,5829,4158,48,4206,1623,1224,1184,40,2018
OH,9,10249,7234,1608,92,8934,1315,6929,4770,871,92,5733,1196,3320,2464,737,3201,119,1015,737,243,980,35,32,700,363,32,395,305,749,694,55,2018
OK,8,3871,2077,586,17,2680,1191,2823,1510,321,17,1848,975,1048,567,265,832,216,327,177,80,257,70,16,804,241,16,257,547,313,206,107,2018
OR,7,14476,3757,1786,8,5551,8925,11139,2822,1197,8,4027,7112,3337,935,589,1524,1813,1108,298,204,502,606,6,4013,856,6,862,3151,1363,600,763,2018
PA,16,13512,7863,3625,280,11768,1744,8163,4539,1630,280,6449,1714,5349,3324,1995,5319,30,1760,1079,672,1751,9,211,1318,574,211,785,533,982,910,72,2018
RI,1,1101,739,311,0,1050,51,747,557,141,0,698,49,354,182,170,352,2,121,65,55,120,1,0,233,216,0,216,17,103,100,3,2018
SC,4,3933,1997,577,15,2589,1344,3082,1572,381,15,1968,1114,851,425,196,621,230,273,135,65,200,73,11,671,333,11,344,327,415,320,95,2018
SD,1,1159,707,167,0,874,285,836,476,122,0,598,238,323,231,45,276,47,105,77,14,91,14,0,115,67,0,67,48,110,89,21,2018
TN,10,7883,3547,1470,11,5028,2855,6139,2792,1050,11,3853,2286,1744,755,420,1175,569,526,228,138,366,160,8,1556,551,8,559,997,742,556,186,2018
TX,11,25310,11307,3405,64,14776,10534,19199,7299,1554,64,8917,10282,6111,4008,1851,5859,252,1917,1263,582,1845,72,38,3269,1341,38,1379,1890,1935,1142,793,2018
UT,3,2876,1946,510,0,2456,420,1904,1224,262,0,1486,418,972,722,248,970,2,287,213,73,286,1,0,298,211,0,211,87,239,222,17,2018
VA,16,5975,4232,810,18,5060,915,3928,2784,264,18,3066,862,2047,1448,546,1994,53,660,472,171,643,17,14,812,523,14,537,275,485,400,85,2018
VT,2,1291,1029,180,0,1209,82,780,581,130,0,711,69,511,448,50,498,13,169,148,17,165,4,0,138,120,0,120,18,104,96,8,2018
WA,6,22304,7652,3990,41,11683,10621,16424,5103,1375,41,6519,9905,5880,2549,2615,5164,716,1800,762,821,1583,217,37,5775,1582,37,1619,4156,1636,770,866,2018
WI,4,4907,3139,1319,67,4525,382,2740,1897,419,67,2383,357,2167,1242,900,2142,25,660,371,280,651,9,33,446,335,33,368,78,332,321,11,2018
WV,4,1243,870,180,10,1060,183,1021,697,135,10,842,179,222,173,45,218,4,73,57,15,72,1,1,150,83,1,84,66,131,106,25,2018
WY,1,639,269,171,0,440,199,434,221,78,0,299,135,205,48,93,141,64,77,21,35,56,21,0,42,42,0,42,0,47,47,0,2018
Total,398,552830,275705,80711,1947,358363,194467,372417,148764,43629,1947,194340,178077,180413,126941,37082,164023,16390,56342,39588,11925,51513,4829,1005,88640,29749,1005,30754,57886,37878,23312,14566,2018
AK,2,1907,1218,416,0,1634,273,1384,938,180,0,1118,266,523,280,236,516,7,161,89,69,158,3,0,231,134,0,134,97,111,85,26,2019
AL,8,3261,1503,538,29,2070,1191,2519,1063,337,29,1429,1090,742,440,201,641,101,236,149,58,207,29,13,350,208,13,221,129,292,223,69,2019
AR,5,2717,950,352,0,1302,1415,2303,738,234,0,972,1331,414,212,118,330,84,132,63,37,100,32,0,676,223,0,223,453,238,153,85,2019
AZ,3,10007,3437,1978,60,5475,4532,7538,2109,930,60,3099,4439,2469,1328,1048,2376,93,745,402,321,723,22,17,1766,582,17,599,1167,910,598,312,2019
CA,44,151278,30723,11853,270,42846,108432,128777,18606,6447,270,25323,103454,22501,12117,5406,17523,4978,7044,3751,1763,5514,1530,127,39275,6356,127,6483,32792,10980,3261,7719,2019
CO,3,9619,4818,2578,35,7431,2188,7263,4098,1095,35,5228,2035,2356,720,1483,2203,153,719,215,459,674,45,28,2106,1183,28,1211,895,1068,792,276,2019
CT,2,3033,2116,456,5,2577,456,2100,1383,260,5,1648,452,933,733,196,929,4,305,232,71,303,2,0,202,129,0,129,73,195,182,13,2019
DE,1,921,606,220,0,826,95,565,376,113,0,489,76,356,230,107,337,19,116,73,38,111,5,0,119,86,0,86,33,65,61,4,2019
FL,27,28328,10465,5213,174,15852,12476,21265,6353,3426,174,9953,11312,7063,4112,1787,5899,1164,2171,1245,556,1801,370,82,5181,1374,82,1456,3725,2472,1576,896,2019
GA,9,10443,4463,2100,0,6563,3880,7913,2809,1360,0,4169,3744,2530,1654,740,2394,136,815,521,245,766,49,0,1081,429,0,429,652,801,448,353,2019
HI,2,6412,1587,1185,0,2772,3640,4420,849,385,0,1234,3186,1992,738,800,1538,454,539,189,236,425,114,0,1592,226,0,226,1366,505,210,295,2019
IA,3,2315,1374,729,24,2127,188,1574,978,391,24,1393,181,741,396,338,734,7,227,119,105,224,3,2,301,237,2,239,62,149,137,12,2019
ID,2,2315,999,331,0,1330,985,1516,703,128,0,831,685,799,296,203,499,300,243,95,66,161,82,0,356,186,0,186,170,201,129,72,2019
IL,19,10199,5892,2347,71,8310,1889,6513,3699,949,71,4719,1794,3686,2193,1398,3591,95,1105,631,449,1080,25,54,1533,1018,54,1072,461,690,536,154,2019
IN,2,5471,3598,1188,43,4829,642,3783,2430,697,43,3170,613,1688,1168,491,1659,29,544,362,174,536,8,17,314,247,17,264,50,572,529,43,2019
KS,5,2381,1377,529,0,1906,475,1742,1008,276,0,1284,458,639,369,253,622,17,209,115,90,205,4,0,337,154,0,154,183,189,155,34,2019
KY,3,4079,2778,522,0,3300,779,3073,1981,371,0,2352,721,1006,797,151,948,58,313,247,47,294,19,0,479,399,0,399,80,447,412,35,2019
LA,7,2941,1300,629,38,1967,974,2416,974,449,38,1461,955,525,326,180,506,19,170,111,55,166,4,9,431,165,9,174,257,360,317,43,2019
MA,15,18471,15631,1942,69,17642,829,6259,4203,1167,69,5439,820,12212,11428,775,12203,9,3766,3505,257,3762,4,28,1392,1119,28,1147,245,917,884,33,2019
MD,16,6561,3643,1503,67,5213,1348,4652,2493,877,67,3437,1215,1909,1150,626,1776,133,603,362,202,564,39,30,1164,587,30,617,547,490,411,79,2019
ME,1,2106,1105,891,15,2011,95,1232,671,454,15,1140,92,874,434,437,871,3,283,132,150,282,1,11,211,167,11,178,33,116,108,8,2019
MI,21,8575,6040,1810,63,7913,662,5212,3777,776,63,4616,596,3363,2263,1034,3297,66,1022,680,320,1000,22,11,839,678,11,689,150,599,574,25,2019
MN,10,7977,4277,2031,16,6324,1653,4586,2357,764,16,3137,1449,3391,1920,1267,3187,204,1028,571,397,968,60,10,1444,849,10,859,585,297,234,63,2019
MO,8,6179,3847,1318,38,5203,976,4173,2555,695,38,3288,885,2006,1292,623,1915,91,707,434,241,675,32,30,912,568,30,598,314,488,393,95,2019
MS,3,1184,415,283,0,698,486,963,292,187,0,479,484,221,123,96,219,2,69,38,30,68,1,0,216,64,0,64,152,72,49,23,2019
MT,1,1357,755,257,0,1012,345,947,492,164,0,656,291,410,263,93,356,54,136,87,31,118,18,0,194,106,0,106,88,205,136,69,2019
NC,12,9314,5495,1551,0,7046,2268,6867,3906,983,0,4889,1978,2447,1589,568,2157,290,767,509,173,682,85,0,1173,647,0,647,526,907,763,144,2019
ND,1,557,391,124,30,545,12,377,295,49,30,374,3,180,96,75,171,9,51,29,19,48,3,9,73,64,9,73,0,49,49,0,2019
NE,3,2365,1534,698,23,2255,110,1715,1225,360,23,1608,107,650,309,338,647,3,201,94,106,200,1,6,422,375,6,381,41,175,164,11,2019
NH,3,1396,822,420,5,1247,149,812,507,155,5,667,145,584,315,265,580,4,206,110,94,204,2,3,188,123,3,126,62,113,106,7,2019
NJ,16,8862,5534,1827,19,7380,1482,5895,3419,1000,19,4438,1457,2967,2115,827,2942,25,993,710,274,984,9,8,1311,616,8,624,687,551,485,66,2019
NM,2,3241,1616,366,0,1982,1259,2464,1147,127,0,1274,1190,777,469,239,708,69,246,151,77,228,18,0,1283,631,0,631,652,257,119,138,2019
NV,3,7169,2408,935,19,3362,3807,6614,1999,839,19,2857,3757,555,409,96,505,50,183,139,30,169,14,15,679,501,15,516,163,674,509,165,2019
NY,27,92091,82967,4978,99,88044,4047,42113,34187,3788,99,38074,4039,49978,48780,1190,49970,8,15901,15500,399,15899,2,33,5965,4334,33,4367,1598,1270,1247,23,2019
OH,9,10345,7382,1344,112,8838,1507,7041,4838,702,112,5652,1389,3304,2544,642,3186,118,999,762,204,966,33,38,807,458,38,496,311,676,610,66,2019
OK,8,3944,2176,523,8,2707,1237,3063,1668,281,8,1957,1106,881,508,242,750,131,300,168,85,253,47,8,882,294,8,302,580,280,203,77,2019
OR,7,15876,3748,1979,7,5734,10142,12354,2874,1313,7,4194,8160,3522,874,666,1540,1982,1147,284,223,507,640,6,4609,931,6,937,3672,1438,611,827,2019
PA,16,13199,8053,3221,295,11569,1630,8426,4964,1565,295,6824,1602,4773,3089,1656,4745,28,1569,992,570,1562,7,208,1775,928,208,1136,639,857,820,37,2019
RI,1,1055,743,241,0,984,71,730,544,119,0,663,67,325,199,122,321,4,111,63,47,110,1,0,176,165,0,165,11,92,89,3,2019
SC,4,4172,1820,620,15,2455,1717,3318,1457,403,15,1875,1443,854,363,217,580,274,275,118,71,189,86,11,897,330,11,341,556,462,343,119,2019
SD,1,995,681,80,0,761,234,725,438,66,0,504,221,270,243,14,257,13,76,68,4,72,4,0,81,39,0,39,42,66,55,11,2019
TN,10,7467,3240,1618,11,4869,2598,5637,2549,959,11,3519,2118,1830,691,659,1350,480,558,199,192,391,167,10,1020,491,10,501,519,679,539,140,2019
TX,11,25848,10950,3555,121,14626,11222,19611,6900,1642,121,8663,10948,6237,4050,1913,5963,274,1919,1253,591,1844,75,57,3338,1419,57,1476,1862,1806,1225,581,2019
UT,3,2798,1971,419,0,2390,408,1921,1334,182,0,1516,405,877,637,237,874,3,260,188,71,259,1,0,493,345,0,345,148,211,184,27,2019
VA,16,5783,4179,711,34,4924,859,3666,2608,196,34,2838,828,2117,1571,515,2086,31,652,488,155,643,9,16,817,564,16,580,237,447,355,92,2019
VT,2,1089,841,134,0,975,114,681,468,101,0,569,112,408,373,33,406,2,128,115,12,127,1,0,163,132,0,132,31,87,78,9,2019
WA,6,21577,8378,3599,43,12020,9557,15985,5705,1347,43,7095,8890,5592,2673,2252,4925,667,1751,847,703,1550,201,40,4446,1757,40,1797,2649,1585,818,767,2019
WI,4,4538,3067,1123,53,4243,295,2545,1770,440,53,2263,282,1993,1297,683,1980,13,592,382,207,589,3,17,426,315,17,332,94,359,334,25,2019
WV,4,1397,1023,118,8,1149,248,1149,839,72,8,919,230,248,184,46,230,18,79,59,15,74,5,2,152,98,2,100,52,137,113,24,2019
WY,1,548,264,159,0,423,125,437,239,90,0,329,108,111,25,69,94,17,37,6,25,31,6,0,64,23,0,23,41,51,43,8,2019
Total,397,567715,279327,75162,1933,356422,211293,396045,156673,40925,1933,199531,196514,171670,122654,34237,156891,14779,53692,38318,11026,49344,4348,969,96141,34231,969,35200,60941,37085,22740,14345,2019
AK,2,1949,1347,378,0,1725,224,1445,1037,187,0,1224,221,504,310,191,501,3,160,107,52,159,1,0,327,241,0,241,86,94,82,12,2020
AL,8,3351,1421,603,28,2052,1299,2497,1000,265,28,1293,1204,854,421,338,759,95,267,138,100,238,29,10,483,241,10,251,232,329,231,98,2020
AR,4,2366,912,181,0,1093,1273,2073,723,147,0,870,1203,293,189,34,223,70,101,63,12,75,26,0,486,105,0,105,381,188,107,81,2020
AZ,3,10979,3483,1914,61,5458,5521,8280,1988,953,61,3002,5278,2699,1495,961,2456,243,809,447,296,743,66,13,1959,501,13,514,1445,921,579,342,2020
CA,44,161548,35966,11707,215,47888,113660,135771,21255,6776,215,28246,107525,25777,14711,4931,19642,6135,8030,4643,1609,6252,1778,97,48812,7939,97,8036,40776,11401,3405,7996,2020
CO,4,9846,4553,2330,50,6933,2913,7579,3774,1006,50,4830,2749,2267,779,1324,2103,164,665,225,391,616,49,32,2834,1215,32,1247,1587,1044,696,348,2020
CT,2,2905,2141,430,9,2580,325,1973,1365,276,9,1650,323,932,776,154,930,2,306,253,52,305,1,0,171,121,0,121,50,199,187,12,2020
DE,1,1165,739,276,0,1015,150,737,469,132,0,601,136,428,270,144,414,14,136,85,47,132,4,0,215,167,0,167,48,78,71,7,2020
FL,27,27487,9899,4739,177,14815,12672,20344,5628,3077,177,8882,11462,7143,4271,1662,5933,1210,2294,1370,562,1932,362,85,4650,1370,85,1455,3195,2436,1470,966,2020
GA,9,10234,3736,2342,0,6078,4156,7696,2294,1391,0,3685,4011,2538,1442,951,2393,145,864,502,310,812,52,0,1305,422,0,422,883,764,376,388,2020
HI,2,6458,1696,1067,45,2808,3650,4568,1009,291,45,1345,3223,1890,687,776,1463,427,499,185,195,380,119,10,1527,332,10,342,1185,485,244,241,2020
IA,3,2647,1606,685,23,2314,333,1852,1189,311,23,1523,329,795,417,374,791,4,245,128,115,243,2,5,335,252,5,257,78,154,136,18,2020
ID,2,2315,992,280,0,1272,1043,1320,641,118,0,759,561,995,351,162,513,482,276,108,52,160,116,0,269,102,0,102,167,178,112,66,2020
IL,19,10431,5846,2239,68,8153,2278,6995,3750,1004,68,4822,2173,3436,2096,1235,3331,105,1063,610,419,1029,34,45,2058,987,45,1032,1026,736,504,232,2020
IN,2,5625,3496,1095,68,4659,966,4117,2441,672,68,3181,936,1508,1055,423,1478,30,482,340,133,473,9,26,370,280,26,306,64,530,460,70,2020
KS,5,2449,1307,660,0,1967,482,1751,938,397,0,1335,416,698,369,263,632,66,223,125,82,207,16,0,360,168,0,168,192,203,174,29,2020
KY,3,4011,2589,494,0,3083,928,3116,1888,345,0,2233,883,895,701,149,850,45,277,215,49,264,13,0,629,439,0,439,190,399,359,40,2020
LA,7,3173,1355,591,74,2020,1153,2591,935,436,74,1445,1146,582,420,155,575,7,182,131,50,181,1,24,405,148,24,172,233,378,336,42,2020
MA,13,17975,14823,1798,60,16681,1294,6233,3790,1110,60,4960,1273,11742,11033,688,11721,21,3714,3452,256,3708,6,36,1459,1068,36,1104,355,836,807,29,2020
MD,16,6360,3731,1346,47,5124,1236,4430,2463,840,47,3350,1080,1930,1268,506,1774,156,616,396,174,570,46,24,1203,693,24,717,486,464,392,72,2020
ME,1,2097,1000,941,15,1956,141,1289,583,555,15,1153,136,808,417,386,803,5,260,128,131,259,1,11,228,173,11,184,44,103,93,10,2020
MI,20,8638,5743,1791,65,7599,1039,5267,3533,761,65,4359,908,3371,2210,1030,3240,131,1026,656,333,989,37,9,947,667,9,676,271,639,594,45,2020
MN,10,7940,4036,1955,0,5991,1949,4726,2279,742,0,3021,1705,3214,1757,1213,2970,244,967,508,385,893,74,0,1504,746,0,746,758,315,268,47,2020
MO,8,6527,3466,1389,24,4879,1648,4416,2066,820,24,2910,1506,2111,1400,569,1969,142,704,445,224,669,35,24,909,469,24,493,416,453,366,87,2020
MS,3,1107,332,249,0,581,526,853,213,118,0,331,522,254,119,131,250,4,76,42,33,75,1,0,139,35,0,35,104,68,37,31,2020
MT,1,1545,767,318,0,1085,460,996,476,138,0,614,382,549,291,180,471,78,167,88,57,145,22,0,204,50,0,50,154,165,104,61,2020
NC,12,9280,5112,1610,0,6722,2558,6756,3447,965,0,4412,2344,2524,1665,645,2310,214,809,526,211,737,72,0,1174,652,0,652,522,798,669,129,2020
ND,1,541,369,119,19,507,34,371,268,50,19,337,34,170,101,69,170,0,54,30,24,54,0,4,87,68,4,72,15,49,45,4,2020
NE,3,2404,1658,574,29,2261,143,1722,1207,352,29,1588,134,682,451,222,673,9,202,133,67,200,2,5,406,338,5,343,63,153,146,7,2020
NH,3,1675,929,395,3,1327,348,1023,575,125,3,703,320,652,354,270,624,28,219,113,96,209,10,0,352,178,0,178,174,116,101,15,2020
NJ,16,9662,6030,1841,10,7881,1781,6413,3606,1076,10,4692,1721,3249,2424,765,3189,60,1081,795,262,1057,24,5,1603,700,5,705,898,595,511,84,2020
NM,2,3333,1703,371,0,2074,1259,2555,1243,122,0,1365,1190,778,460,249,709,69,294,203,73,276,18,0,1296,644,0,644,652,252,114,138,2020
NV,3,6900,1873,811,7,2691,4209,6381,1466,740,7,2213,4168,519,407,71,478,41,159,124,23,147,12,5,1331,385,5,390,941,924,522,402,2020
NY,24,91271,81342,5297,75,86714,4557,43283,34472,4185,75,38732,4551,47988,46870,1112,47982,6,15151,14785,364,15149,2,13,6427,4819,13,4832,1595,1251,1214,37,2020
OH,9,10655,7276,1454,81,8811,1844,7636,4925,820,81,5826,1810,3019,2351,634,2985,34,906,697,199,896,10,30,700,403,30,433,267,730,698,32,2020
OK,8,3932,2107,555,26,2688,1244,3162,1650,328,26,2004,1158,770,457,227,684,86,255,146,77,223,32,17,1083,408,17,425,658,325,202,123,2020
OR,8,14655,3874,1898,6,5778,8877,11995,3022,1495,6,4523,7472,2660,852,403,1255,1405,825,256,144,400,425,6,4123,933,6,939,3184,1329,654,675,2020
PA,16,13375,8244,2958,316,11518,1857,8585,5057,1448,316,6821,1764,4790,3187,1510,4697,93,1550,1011,514,1525,25,216,1689,1009,216,1225,464,977,920,57,2020
RI,1,1104,742,254,0,996,108,723,521,94,0,615,108,381,221,160,381,0,121,68,53,121,0,0,196,171,0,171,25,92,84,8,2020
SC,4,4287,1827,741,15,2583,1704,3432,1441,519,15,1975,1457,855,386,222,608,247,279,128,82,210,69,9,819,353,9,362,457,428,317,111,2020
SD,1,1058,751,61,0,812,246,743,459,54,0,513,230,315,292,7,299,16,93,87,2,89,4,0,119,79,0,79,40,43,37,6,2020
TN,10,7256,3241,1226,5,4472,2784,5673,2569,786,5,3360,2313,1583,672,440,1112,471,508,208,127,335,173,1,1092,420,1,421,671,570,424,146,2020
TX,11,27229,10727,3141,149,14017,13212,21115,6655,1605,149,8409,12706,6114,4072,1536,5608,506,1912,1288,495,1783,129,71,3862,1086,71,1157,2705,1948,1117,831,2020
UT,3,3131,2034,393,0,2427,704,2150,1349,117,0,1466,684,981,685,276,961,20,290,202,81,283,7,0,643,386,0,386,257,114,98,16,2020
VA,16,5957,4269,668,52,4989,968,3959,2782,185,52,3019,940,1998,1487,483,1970,28,621,460,153,613,8,6,775,531,6,537,238,395,323,72,2020
VT,2,1110,896,100,0,996,114,738,552,79,0,631,107,372,344,21,365,7,124,114,8,122,2,0,165,132,0,132,33,71,67,4,2020
WA,6,22923,8533,3495,81,12109,10814,16198,6028,1159,81,7268,8930,6725,2505,2336,4841,1884,2116,781,767,1548,568,67,5943,2010,67,2077,3866,1607,866,741,2020
WI,4,4515,3247,893,51,4191,324,2677,1992,330,51,2373,304,1838,1255,563,1818,20,558,389,163,552,6,15,484,389,15,404,80,337,320,17,2020
WV,4,1341,930,128,6,1064,277,1156,792,81,6,879,277,185,138,47,185,0,58,44,14,58,0,0,157,94,0,94,63,104,88,16,2020
WY,1,612,349,140,0,489,123,427,233,77,0,310,117,185,116,63,179,6,50,26,22,48,2,0,81,24,0,24,57,51,45,6,2020
Total,392,580466,279916,72484,1986,354386,226080,408891,156847,40645,1986,199478,209413,171575,123069,31839,154908,16667,53739,38616,10356,48972,4767,934,110528,36177,934,37111,73417,37252,22048,15204,2020
